106,Queenie,65.02942004098134,100,85.81188736729314
308,Lily May,71.87307207892447,93.72855261123148,100.0
114,Yvette,66.79065312788933,81.51223218116162,100.0
284,Maple,75.33732981062577,97.74353412692446,93.49596965419619
306,Juno Belle,67.68651714524155,85.29238273775114,100.0
247,Blossom,61.19596002419248,83.2035961362474,81.38329008170857
357,Isabelle,61.47669402447684,98.84019673823687,67.62296658551571
44,Georgia,62.27838306987481,78.64919652473714,100.0
55,Opal,62.39306171417684,92.31408602006934,68.90968519657295
278,Ginger Belle,69.06645298533142,96.06113680459309,76.94190767875007
141,Zelda Mae,69.1184572285088,89.87607341262279,87.25394864866774
57,Daisy Mae,61.17056063621191,94.99686735904763,58.528285781907265
230,Kismet,67.745560419997,85.49999124817438,99.06315715984539
289,Rainbow,60.491594538710984,83.56022280058863,63.07053977352753
23,Poppy,72.09685179801446,74.36036182551544,100.0
374,Zara Belle,61.63589161859569,68.25148777984037,78.53555805338056
15,Hazel,62.187691469264706,100,83.0274258777744
12,Matilda,63.377272126529135,89.27069234670937,82.42398093268879
182,Olympia,60.16868998150836,95.78391076364196,45.04129195627968
132,Quinn,67.70797551634361,95.07346222958968,84.23940177250341
221,Belle,57.504459331607386,69.3295831334604,66.95338159083224
291,Twinkle,71.38091080698445,70.03929851389665,100.0
305,Ivy Belle,61.64532716920686,50.7749320035364,84.29091128174394
274,Cocoa,61.73435987014515,72.6623792730545,84.72801685475343
270,Yara Belle,57.41694101275449,83.95025106010077,46.96844052241869
267,Violet Belle,66.17464673400596,100,83.52461069033635
121,Frances,60.206000026625574,83.55104599918486,44.3811902292643
74,Willa,60.382891044960296,76.75483392881495,52.45731274570316
360,Lavender Belle,83.75056474267254,96.68085304050199,100.0
59,Eleanor,59.89826057623661,85.4770984506723,83.88839997417709
153,Lillian,56.487184055025345,74.11425059908377,50.01521986989301
151,Juliana,59.665575970345124,81.212871075707,45.21506791974581
404,Daisy Mae,64.99270160631092,81.89263995365873,80.82726400095856
17,Petal,65.82436996176867,68.07196567607099,100.0
366,Rosalie Belle,59.2146528534703,23.399693864052654,93.41409512175214
241,Violet Mae,60.99434551536185,91.49134852651001,83.19078492969925
339,Quinn Belle,59.84891926131913,100,58.3443966010704
109,Thea,59.24693426765354,27.058021566115016,86.53163508648117
232,Meadow,59.78747709753404,68.30201457444588,80.33564097704574
199,Fiona Mae,60.214387295418014,95.04204479128617,55.02620663829805
143,Bianca,50.92051971496044,70.42946917698526,35.8259926911321
146,Evangeline,59.85685798474418,71.31708954063764,71.0477725744291
264,Starlight,60.851840294720475,100,60.33637488396256
315,Sky,60.03064606496865,76.37340226334447,26.390064946713814
326,Daisy Belle,60.82470529597139,77.15203775495475,71.16582932709801
6,Clover,59.38274863163787,94.14586385523106,51.86477637845585
218,Yvaine,59.70621645222319,12.662929317817683,84.31000082936953
185,Rhiannon,61.01541994973447,72.33847410016435,67.23599450376925
110,Una,60.661642260558054,65.28396688079371,91.95578198280276
381,Grace Belle,59.39178899624227,43.36007095569292,46.46916687817712
129,Natalie,60.89830539713084,81.55971437532993,86.25910683365714
310,Nova Belle,65.09044949606466,88.02663275333676,73.69677834658361
164,Winona,53.37799917973628,46.223955846133066,39.50909855234608
348,Zara May,60.694427844317296,92.79176480889531,55.771206651915946
331,Ivy Belle,58.83987058914987,60.218665696952854,87.07919241392312
390,Peaches May,60.1576209251517,51.87948382941943,29.520965294895742
39,Phoebe,67.48645705567549,60.355570556694666,93.48674699317641
300,Daisy Belle,60.6034033174447,48.660056743561526,100.0
68,Mabel,50.699275095034906,45.32618864898146,28.639046178983996
83,Lavender,60.45056329822546,71.0654543336715,70.3181508235252
256,Kaleidoscope,53.204875615089776,80.10143083020075,59.20861935349502
283,Lily Belle,74.15050854091112,31.29777281426281,33.59568354204245
316,Trixie,58.496304547170965,88.4707055981566,61.59851206549226
253,Harmony Mae,61.216496751297,100,48.715729223308855
11,Ginger,59.443735506623305,48.83594897875343,10.766411349424544
116,Abigail,52.17833295255367,67.05020716832061,75.59046550149935
260,Olive Belle,60.51285514525276,40.84560521201499,15.485333211369912
364,Paisley,60.60494250162451,98.23699857740885,33.806393195396375
337,Ocean,60.422752818711764,8.639289911165141,32.075803377257884
346,Xena Belle,62.33134448361659,71.44844909885964,91.85173592469657
255,Juniper Mae,63.35674747014455,16.579783043599416,0.0
409,Isabella,59.75638219517964,87.98688742825976,61.68529227270035
297,Angel,63.09427025868828,18.74614813533775,7.771587973016459
222,Celestia,59.26323163590743,82.43310905277745,67.47862863190866
24,Jasmine,58.829268782909566,8.330147322210673,29.691852285351487
251,Fawn,58.58969949172318,79.21452495679387,58.58965464723371
415,Olive Belle,60.4196978604516,25.791592940749368,0.0
322,Zara Belle,60.726512564090434,44.577180961264744,6.598876689954899
299,Coco Belle,60.86780404336485,38.2615764345735,0.0
215,Vesper,60.79140076933435,55.40132693419629,0.0
285,Nutmeg,60.766393124707996,30.25892075388093,38.82989067697795
147,Faye,67.11477483321657,36.126793888336515,0.0
419,Sienna,63.86450263982862,16.870899239531376,0.0
248,Cinnamon,64.8274746783224,63.78519599554588,0.0
69,Cora,60.66415423719506,54.33334076049783,5.721675567880197
344,Violet Belle,61.31207183325054,13.49295077642631,24.486632464815237
180,Margo,62.38502716757496,1.596085733243398,24.31661590355249
358,Jasmine May,60.078512451512815,71.00469795091148,4.255439917767674
407,Gloria Belle,60.86194730612713,46.21516813615748,4.960921172618185
177,Jocelyn,59.526196513871476,18.56421017916884,23.408351652743086
309,Misty,60.945852771013804,42.055283938597036,25.037989182272845
389,Olive May,56.47400496125003,56.96561408276984,29.567240893017406
244,Yara Belle,60.88900980149567,58.795619986361835,21.309581602815385
231,Luna Belle,59.803641973903495,54.42442241905058,3.8812457744695905
334,Lily Belle,60.95583131376559,27.539021408686445,22.843629417852917
115,Zara,59.9376102106227,45.96198667166978,34.535249441990814
273,Bluebell,58.754384028031815,43.69675567303365,42.899831224959705
43,Olive,60.63323977216933,37.972127583786005,34.546375336127326
46,Honey,60.1176769233705,62.6086513357978,5.477288364812608
361,Mia,59.66905474028378,52.3661404434507,36.48849661155864
237,Raina,59.47219760139616,56.2948220131951,31.03886781510989
75,Adelaide,66.38288683109998,25.45262817124278,34.52114947546283
343,Unity Belle,59.73393079383238,27.417947175031546,15.36187343500719
213,Tara,59.92086299918708,13.868591500862916,78.19061911754267
45,Delilah,60.905943463984364,7.06044109441472,59.887233108014826
396,Violet Belle,60.40187267700869,25.624184415529136,35.171432034743646
171,Dahlia,60.841649423016534,84.24013367083978,17.153754461222654
27,Lucy,59.478465968357725,63.44196317536272,22.37862459932193
122,Genevieve,55.59110545959567,17.113330357904452,54.014256856812516
414,Nala Belle,60.3970123869779,3.089325793638558,56.127973476320406
261,Peaches,60.39999549057617,34.94611001784578,6.556204035016549
165,Xena,64.57497623991566,7.397661846352639,7.41370768225957
173,Felicity,59.4140364430201,54.9814709981788,40.98332148826616
245,Zara Mae,59.74404502723646,74.82041978960936,0.0
355,Giselle,64.27288905149521,42.784565261440335,0.0
191,Xanthe Mae,59.635815644421996,83.13222522033452,18.430176481509886
134,Seraphina,61.48240769589234,35.193977885453016,37.460697623584096
393,Scarlett,64.62101369458352,56.455476633353356,8.844825410406465
379,Ember Belle,55.26957510769772,35.99453989392781,24.639262701125016
113,Xanthe,59.651237732177805,65.6154640427175,31.53581355452371
271,Zara Belle,58.45611584152199,50.847730925428934,52.48133991718692
103,Nancy,59.535510149520505,31.02653533948064,65.84583171002089
56,Betty,59.809222159983285,68.46489342295789,18.78572691868777
296,Zara May,61.22108811265068,34.76576295674859,14.432529818277473
336,Nala Belle,59.03301929995527,57.99585157470446,49.966403303121105
53,Daphne,60.52493325443792,34.18478794430517,58.52341324317557
399,Yara May,60.45530570749327,71.45957910470706,13.82461071959603
169,Brielle,78.40732216581216,63.38008144181335,3.385035494074316
198,Eowyn,58.6846844024064,69.6187036930586,33.753344564485104
400,Zara Belle,58.46820910388112,43.64596056052026,53.10304243145749
52,Tulip,59.83457452248409,89.36908987728678,2.009997239864056
324,Buttercup Belle,59.71359771540428,31.292210270460707,49.300251287929015
345,Willow May,57.77508356678831,33.5676055613631,34.83927764157668
119,Dinah,50.58312496318936,50.10929496465759,57.0831509441794
377,Caramel,69.30085878519425,77.85601648958531,25.05239339858086
234,Olive Mae,60.46560474686865,73.0477212335034,17.05893551177852
159,Rosalie,59.82045275285654,64.53167138029951,20.898935320976243
89,Henrietta,59.497356803082184,73.58539723010401,5.369201067481448
80,Edith,59.8959150912984,32.66154217123463,27.950803222197695
77,Louise,60.65091297320375,32.69136691190893,17.305774433071598
8,Rosie,59.33318667529271,51.553316040098395,60.83725175609225
67,Harriet,58.90419022329112,66.37705608024893,23.86478980938031
335,Meadow Belle,60.13090469354187,60.893243010764444,19.47523582724499
212,Stella Mae,60.42137184005398,67.40661904289021,0.0
203,Jade,60.006648833329216,58.77097478685135,51.06688287935686
258,Meadow Mae,60.460558367143115,60.950877529988986,46.29540999299665
21,Willow,54.852367969213084,45.3156746906506,55.77480390178067
150,Isadora,60.83092022069799,29.250320507690034,66.69281074927311
257,Lavender Belle,59.88080490258389,73.58131356510707,15.618533889861986
16,Freckles,61.77522664823936,43.8133040533301,35.369430223693115
95,Gladys,60.472313162836706,23.95177390416794,51.15944957964427
292,Violet May,61.8981756074639,44.1760704276919,23.548194121686763
202,Ivy,59.27555432177244,40.689456910900034,72.30880662309471
228,Iris Mae,59.478328159205056,59.84820419460692,64.18035659020902
107,Ramona,60.2106143978365,29.677078720319486,82.56157666971049
118,Camilla,59.09945255634898,30.13271204319093,71.23725420933042
318,Violet Belle,57.76434966112869,72.16354239172146,17.390075351307573
265,Twilight,60.03749313427194,41.524474645646336,44.50802778887333
112,Wendy,58.39118202650753,50.22783909411621,73.77893511511023
249,Daisy Belle,58.755933284781854,66.60387968384883,51.477786259373474
35,Pearl,59.268570080632735,67.15346913617256,34.254133574949975
79,Bonnie,49.45507121783121,29.855182282939754,62.969411620993355
154,Miranda,59.98609616771705,17.796044325150163,68.74326646130689
417,Quinn Belle,59.10858772522722,33.59251583122968,40.83631528008176
410,Jasmine May,58.91012363224818,36.75264290952732,77.78206115219615
204,Kira,59.07618112001682,65.09268163190325,47.03755901577599
403,Cassie,60.77492120753117,38.336826718152786,48.735372461738535
32,Annie,59.08794664954061,57.93362526757095,22.738191203080763
321,Yara Belle,48.78173024716603,63.46309113732953,59.61092524687037
38,Beatrice,59.13141541899696,52.1929887763988,65.50010887472308
227,Holly Mae,68.13981626514251,51.82642642826774,38.376739168508
311,Orchid,59.1273800551725,50.199464240697274,24.16235889112957
4,Bessie,56.92405262824751,41.814526355575616,65.83556781226909
238,Star,47.494328561742,39.040152445935526,43.74397359810099
157,Primrose,60.26332479762739,85.03653549661509,45.059270258595305
123,Hannah,59.92686548590891,55.73702833839993,31.42036942324798
386,Lavender May,59.425029917337525,29.389392300981363,100.0
416,Pansy,60.641783531298,72.97870798170298,48.14920359261788
195,Bellatrix,59.68090515247191,85.88502000842976,27.086028146669253
156,Octavia,57.35037561432212,47.77774540815522,59.49820912662032
61,Zelda,55.73355501078652,88.46958394555057,47.11504523133881
120,Eloise,55.08614941341457,71.410675026065,57.777984981208206
40,Violet,59.28749836507586,79.12950017261917,43.20772383101649
1,Mooey,57.85573138811787,44.69634696650907,62.90021199141762
397,Willow Belle,59.90133709109137,74.6048459728473,11.607689919523786
197,Daphne Mae,62.62068217360457,52.81410680911689,94.54234477676545
133,Ramona Mae,59.388251083148965,81.31613677806843,47.22545831209767
384,Jasmine Belle,59.79306170688387,56.51052020825439,50.625622569234515
178,Kaia,60.278992490761304,47.96049376137334,46.41912251740441
175,Hermione,59.07656606139499,56.004239714455565,78.76899887271583
312,Pebbles,59.718508283861986,61.686454754338534,66.4355955105053
162,Uma,56.887831527091414,63.51312012181803,60.039566322031334
367,Samantha,60.063832019462815,92.1159342177521,25.95943300139085
294,Xena May,59.336766619615766,92.57514328177224,19.302116184787142
138,Waverly,58.95112594343785,74.02523750281506,34.56253840356732
319,Winnie May,61.69062962242389,96.11580296987054,56.841696987854235
91,Maeve,44.98311778367547,99.05335256797261,31.03826692613989
372,Xena May,49.57804931984242,57.60773828618502,73.37820915990186
174,Guinevere,60.434587487203615,42.659722096314084,69.81785447053346
50,Martha,55.653073806144945,74.45626610892002,28.50151088703295
37,Winnie,61.10801303983064,96.11631932428793,1.3813068620934246
352,Daisy Mae,60.41610221431278,87.97045510251075,52.75976059746103
378,Daisy Belle,61.72724657537241,49.670301236456396,80.42382997193312
2,Daisy,59.814042572116634,99.81183885205051,13.52894977654524
101,Lacey,59.895238886301684,51.312221992716466,85.37359925655221
148,Gwendolyn,59.87694576452337,66.87530259292595,62.763865043904985
193,Zora,58.10295243742818,89.87968927689545,17.72984118298581
350,Bella Belle,62.343372913179905,72.91461865467697,76.7772766172232
281,Jasmine Belle,60.65560335968561,28.39150117807748,99.43826208035486
353,Ember Mae,60.53947162548881,33.83398666979247,100.0
76,Winifred,60.040163268213796,49.22248629033385,80.93631667739581
99,Juno,58.834977586573636,61.87531855949306,61.29993186726804
98,Iris,50.34801619395589,95.21508054341304,18.20419794023262
376,Bella May,46.346699027720156,58.404160651535626,47.799958689618705
87,Tilly,60.909680438601995,76.10349114913542,64.75540038248161
160,Serena,60.33736374725478,34.16063528232503,93.73423125138618
279,Hazel Mae,59.64552563441615,52.71440648457362,69.46244013225625
387,Mila,58.67984869177719,92.09577748828197,25.74279224472561
64,Flora,72.97188235462765,83.00832120259359,100.0
327,Ember Belle,59.36493252700778,68.15394953104749,71.9302137439784
131,Penelope Mae,59.937972532389644,100,28.933718004613617
139,Xiomara,59.767687484576584,19.189321748730123,100.0
226,Gypsy,65.43627535404345,83.58151341352587,86.24318177382722
328,Faith,58.986553340297455,42.59434674906963,66.22478681736968
269,Xena Belle,61.25825689347751,45.48455106152704,100.0
362,Nora Belle,59.12279310266652,85.54646158677538,40.498148130339096
208,Ondine,73.97857461206242,93.06616759902312,100.0
224,Elara Mae,69.12143822744562,91.39159835662461,69.60176582284927
13,Penelope,63.17097132864225,68.64768669133403,100.0
161,Tallulah,61.12202844549136,62.84576981847884,94.24673690282782
105,Patsy,61.366036627018424,97.31746373814242,62.523800388958875
155,Nova,62.30066025046852,81.80629009196062,74.75974166519512
14,Fiona,63.09150718120573,91.16629242095372,62.433280941281716
210,Quintessa,60.191485496858284,72.17684079586375,70.05771480782352
124,Ingrid,61.56921868137342,39.965314514635,100.0
392,Rosalie May,60.610717817820394,37.6625571252363,100.0
28,Charlotte,58.4127918782229,88.88874421710547,38.726241568837295
359,Kara,59.128389819339816,29.870997281298838,100.0
19,Pumpkin,59.49552507404402,50.85189517139386,71.28135316156802
128,Miriam,54.89395974610757,86.61682907883694,39.740317769883426
304,Hope,59.131068790644775,82.61629204093059,38.6102430672202
368,Tilly Belle,59.604339627085956,74.26068541905727,40.158636494605034
263,Raindrop,59.12291325838363,56.891963668491584,52.83656055695951
125,Josephina,50.89042864215497,49.949243804914815,54.031203654485644
36,Rosabelle,59.2918212167645,93.99929520003633,4.744572594701708
388,Nutmeg Belle,60.54157793723996,69.33384680928715,22.95690277417993
298,Bubbles,60.23130501882491,23.49994408696276,65.14729604646709
71,Esther,59.920123763272066,74.77461771692272,9.616408691364825
187,Thalia,59.903635708782076,29.87230885451899,46.209972283928956
81,Imogene,61.00244869421459,54.60646362608432,16.87390728369757
214,Ursa,59.795170177642866,54.69705192649389,9.93529163521034
145,Diana,61.47947693520184,23.171281779343904,33.34190354647399
126,Katherine,59.97931518090723,21.487843170083785,21.868079816249026
266,Unity,63.16211952526643,4.411235024693688,0.0
211,Raven,62.07868760602386,36.0682157754424,0.0
130,Odette,69.53269476341009,39.4852825567144,0.0
342,Tigerlily,60.85444322832853,23.912778448855597,18.878101698181
31,Lola,60.729819056657945,24.14958838452158,33.427134761395976
356,Heidi,61.5479545811063,44.35483550927684,0.6766694672996536
332,Joy,59.81805629992505,32.21082181034627,11.614157629266245
217,Xena Mae,60.965543596857636,44.5943952908601,19.70146529511383
408,Heaven Belle,60.55133888226703,30.11718100647106,27.277996043903663
63,Gertie,59.540229904123876,31.962959728200637,0.0
206,Maeve Mae,60.72802085599832,23.128689955816533,34.61049046781984
216,Willow Mae,60.8582972365236,44.626965436481335,0.0
401,Aria,60.75190794102096,48.76846168262351,29.97545317023558
188,Ursula Mae,61.71386386699273,74.33997969524755,1.4169724317606054
252,Ginger Mae,60.61050745548671,42.127863759910014,20.00415306278976
82,Josephine,59.64253569802427,34.861774327822104,42.954418352005376
176,Isolde,60.51923151300834,44.736932967385336,14.754022763006404
190,Winter,60.23477026485122,42.72003169140407,14.924230035103953
30,Sadie,61.00903031831081,57.39940304345881,14.678608600970101
200,Galadriel,60.26104854314168,10.304847983238481,77.08276367147224
302,Flower,59.94459289892798,45.35981953342587,38.10144918003114
90,Lorraine,60.11826434870419,35.93955329165397,33.94115951652263
10,Molly,60.18184806793656,25.21249110334672,8.581105505706333
243,Xanthe Belle,59.440640101134726,33.476751490752946,40.75104133755657
9,Luna,58.02253852173565,30.887197800999523,0.0
420,Tulip May,61.026770409179605,33.247735380042236,43.43426081930175
102,Magnolia,60.39804648712665,61.37935474913918,7.921143474914004
405,Ember Mae,59.98232939102544,14.458780654759982,19.147446298770948
186,Sabrina,58.65703240783862,42.693011328579104,56.16262735447586
163,Valentina,65.43402078058315,64.99903600820282,29.40240527106997
137,Vivienne,59.6340535002932,48.137345433121645,40.71937867572966
338,Peaches Belle,60.488331697646466,30.87375295572864,45.95590135962522
385,Katie,59.713988270348906,24.8197738799261,44.741786867929505
192,Yara Mae,61.21350828208284,22.090107650295934,41.17768050664687
365,Quinn Belle,58.6816225640957,90.47477315786189,3.791541369162779
301,Ember Belle,59.24718664154944,62.852541983813545,25.147697336230507
49,Juniper,57.156997872131285,43.9576540506954,39.341617018442115
275,Daisy May,58.69822637793175,36.20633828746581,36.64221923821166
375,Acorn,60.729047370439496,34.69642053596561,36.53211232538775
349,April,60.56221077597608,31.336304852244176,32.71759918431782
288,Quinn Belle,60.6810016874143,42.25595268450176,3.147774877120497
406,Fiona Belle,57.08240728630783,65.96025284798324,43.529214416016046
183,Persephone,58.65262666546848,81.88368484838429,22.215255503030715
262,Quinn Mae,63.16765497572133,57.00752185724728,19.78591231230141
184,Quenby,61.21666550660772,23.149004117493423,46.82625898569183
307,Kalea,75.40107912376567,35.914978968241805,21.822855938501707
168,Athena,59.669990443677214,16.08970438772188,16.48477173283078
172,Elara,56.76765639715002,3.699569368122483,100.0
149,Helena,59.57577191581708,28.554371448566386,76.33973358237382
207,Nyx,58.78611523550134,75.39826398209546,19.03778479137982
66,Ada,59.62802443895567,61.24516751652533,26.47595633654711
201,Hera,60.05713098552811,33.3312674647528,50.31917041608622
240,Una Mae,59.97986417041641,76.75132819310768,0.0
370,Violet Belle,61.14386853299324,46.1904555757423,25.342202352669247
223,Dahlia Mae,64.76227438534389,45.9718882292378,11.52322953465346
93,Sally Mae,59.926570306791156,46.68474110658036,59.02006784161211
242,Willow Belle,61.23756161858442,74.20904228314154,18.83247961057288
48,Delia,60.919685980305545,73.94436573947581,13.824862151210986
22,Clementine,60.0001838113225,30.113410187032564,54.39456457684616
85,Ruth,60.408102778108024,34.73446201917789,41.67141222258546
394,Tulip Belle,60.84053789291213,0,46.99644908153687
189,Vera,59.16159216218875,58.78658143713716,51.05602499834644
333,Karma Belle,58.970062912821355,42.05865949888923,54.434099157928024
78,Agnes,58.96445823521342,37.77828989571481,55.47399935075492
72,Nora,58.24443889529728,47.5250478799539,42.14626063965063
5,Clarabelle,57.205461810965645,27.19666002337136,55.48211686657087
144,Calista,59.88728957369602,50.95314662073671,21.93261941696714
86,Sylvia,60.08783143646809,27.472220677297123,43.49961150814799
246,Amelia,57.9074225524467,63.44533810877297,51.064332055366144
287,Pepper,59.79072781442456,76.52914400683868,28.306458343693116
276,Echo,51.06842802789331,73.22628531481156,20.743299494994925
340,Ruby Belle,61.780335214360456,27.955009273507258,54.72755380525175
26,Bella,59.97181455641472,38.53465811075189,31.330844031317223
391,Quinn Belle,59.91130215672646,4.997494545082967,59.549453918712565
254,Ivy Mae,60.99046805817894,47.236591995554676,64.35836122310374
181,Nia,58.51100971741775,77.33685310365661,32.014312373863035
293,Whisper,59.003409501202654,39.99792189557281,80.85638045574863
290,Sunflower,59.38603982843515,77.96704413128046,25.575503882813127
330,Heaven,59.5199263022568,34.528800846148926,65.36485530721502
233,Nova Mae,60.049468444657286,86.45620209335218,0.0
97,Harmony,60.65959841008084,51.29455003547174,25.832220196136294
373,Yara Belle,60.13963490030097,69.97381133879907,0.0
277,Fern Belle,59.46657887146402,90.5627739781199,21.493692509974903
280,Iris Belle,59.05088976371169,66.6231991751979,42.32588377270336
84,Martha May,60.16870673081824,37.271129882414805,62.1395140440342
127,Loretta,60.259515758952816,68.92405253894013,19.880901206900113
7,Holly,60.754117277763704,43.68560546551804,25.805711651208018
47,Marigold,58.04306352348527,52.54500573688629,67.40833981388917
225,Fern Mae,59.537619993442824,64.64465729011371,41.09097666912308
92,Prudence,60.55382946262303,81.50549312876149,16.964836003282628
402,Bella Belle,69.43263045359102,65.39121091197403,19.48989101302382
320,Xena Belle,60.763988492972096,51.79774931285502,68.33565059190789
411,Kitty Belle,59.4192579834729,15.593920369531112,86.31479617908425
380,Fern May,59.91073617935943,25.756990121191055,59.45129867788923
142,Aurora,56.66813134426831,47.6672788991523,67.13559405579488
303,Grace,59.421917215754284,38.71353322131026,56.20330623245677
158,Quincy,60.19072397290926,42.46471731183085,46.49556087716784
73,Hattie,60.20401653804477,60.1122864736852,23.95723373524257
259,Nala,48.188239815067035,84.68856309160151,46.34167829929327
70,Ida,59.02842765607495,59.17758360554885,66.91992448956634
205,Luna Mae,59.91895517832378,40.97520847009306,78.40569668770323
219,Zephyr,61.54639607654793,50.06336250895319,33.41197235602148
136,Ursula,59.22819275387966,68.50261301482246,62.54099039497112
196,Cassiopeia,59.590540699635554,51.5510666570979,75.49006273806116
33,Elsie,61.47192648413052,50.53652307350256,88.36175572652343
60,Nellie,60.81305106986336,94.57802483933357,24.917832326585515
62,Rosie Mae,59.18654221142679,35.27889727902372,72.02024036451519
135,Theodora,52.67115400917322,27.269448336834493,76.45981606398061
323,Apple,59.73015981122865,79.6176175916002,18.92668971664962
235,Petal Mae,58.62419415781169,81.10508565834111,50.59313505325972
152,Kiera,61.50037989722501,90.55829510150659,35.937992469871375
363,Olivia,58.77697118827113,33.70503926276819,87.82839956076917
220,Amethyst,59.3972461381045,36.85389614141453,73.02536624280881
317,Utopia,60.391809486697966,41.27293836662803,62.73102323906643
29,Stella,60.29110547451432,22.36511940180154,77.16827856008821
42,Minnie,60.975379054662874,87.69143017367574,0.0
236,Quartz,60.53242154643813,81.75935654278236,0.0
354,Felicity Belle,50.1764225073108,82.91912905086117,55.41818738776739
313,Queen,57.58203839120493,81.84056953885342,50.20795771193847
94,Dolly,60.104172878427946,93.4537316246771,27.76148907866112
194,Amara,56.56573624686444,34.24529177125542,73.80678807548284
41,Maisie,62.981090430143176,69.36249859264049,74.70516656324033
371,Willa Belle,58.94581671721545,80.2202421660393,41.55773205838507
65,Gemma,59.842281983144,54.02809716590543,41.358168167645324
272,Amber,58.855159453761644,70.9925500971828,61.25863738923675
166,Yara,59.515858243293366,43.79629734423746,81.61806503634088
229,Jasmine Mae,58.77817300936918,52.137585667938836,68.15093426404738
282,Karma,59.852310560701675,78.21095492179545,32.60952815841711
418,Rosalie Belle,58.5498672692436,77.7722497105068,59.39709289252882
108,Sable,59.81336824191438,71.09482244083877,24.028749779808063
51,Greta,58.99526970314466,37.32975766317999,100.0
382,Heather,60.099839668404506,67.69157874866238,62.12512525672577
341,Sapphire,57.811491091471005,20.141385967095914,100.0
140,Yolanda,60.04514236612225,61.681573381075594,44.09717925472032
167,Zinnia,59.847534014816084,56.794573171697365,81.32026840070057
412,Lavender Belle,58.75677218723824,56.17097262581173,69.6838186607624
383,Ivy May,61.30289932912963,74.68604166908746,74.00557285283818
351,Candy,59.10719353499132,64.18304329262213,74.42555645829133
58,Coco,58.871516736779625,63.85891774269164,61.67644245765291
347,Yara May,59.71316374558206,80.42389609929354,32.07053580691137
395,Ursula Belle,59.612727018503044,66.76957027160174,71.41447896866025
268,Winnie Belle,56.43004353029366,86.09995733357337,33.88653112230915
20,Ruby,59.10115689827164,46.227622203155086,69.68823671458182
179,Lavender Mae,62.42137166727963,77.23615276911809,88.81613331216437
369,Uma Belle,60.99992716718946,78.89121186180226,72.5910935693526
3,Buttercup,60.055086709838385,46.8624311389942,84.99274923222447
413,Misty Belle,54.7790441083228,82.56416373883482,43.444412548880564
295,Yara May,57.780149626406605,35.609697575359434,82.50003901686537
100,Kitty,64.5768529846779,69.2369447065072,97.79374802628925
111,Veronica,60.67362466938532,100,49.66613801050426
250,Ember,60.87254102703624,64.19290905089244,73.96190964377153
25,Lily,55.80430004062882,53.839273272864645,67.39631608750503
398,Xena Belle,58.59977580043778,62.57088948265476,51.80758664108431
54,Fern,59.52940557786013,84.15804114740592,24.9690887382335
329,Gloria,60.675234244805196,80.66056253153205,80.04798167201045
117,Brigitte,60.89276583149995,85.38467123356675,43.94085861133597
325,Cinnamon Belle,59.03956028120108,84.39366417894077,42.662839940714186
239,Tulip Mae,66.33330721517224,87.85730553095362,88.50945447616668
104,Ophelia,60.12114043849601,86.46463944331668,48.99375351443238
170,Calliope,59.39158563133283,62.56735874203548,78.24874768844333
314,Rose,59.57502466922127,88.80866760696067,40.47138124964739
34,Millie,59.53224835359157,80.78421019076507,46.2008766368871
209,Pandora,59.52836517141942,100,59.45635231930545
88,Tabitha,61.221586518960216,50.31428021687706,100.0
286,Oreo,61.047476950932165,49.845287855587394,87.19711100544703
18,Dottie,59.036126661669435,67.47784075473356,62.74886744314247
96,Harper,58.44178301629075,66.31503800312873,59.00737407126234
