23,Poppy,65.38821043390402,84.82417095205811,100.0
291,Twinkle,73.17951710212614,76.19089629051427,100.0
239,Tulip Mae,65.49335580198309,91.232358472734,88.50945447616668
278,Ginger Belle,72.75664515392081,100,76.94190767875007
44,Georgia,64.56870010178422,69.04120943189562,100.0
308,Lily May,63.91384962852257,84.75745289348276,100.0
175,Hermione,66.41152361750984,85.44226191699703,78.76899887271583
13,Penelope,64.7919329208897,63.33885464966316,100.0
267,Violet Belle,59.95317552821625,72.66771437313322,83.52461069033635
14,Fiona,59.46321942415441,96.12113089587835,62.433280941281716
306,Juno Belle,61.36921942087188,63.111624803134724,100.0
284,Maple,68.8942851269572,95.3115149340603,93.49596965419619
39,Phoebe,67.75675213614399,71.4418338289259,93.48674699317641
124,Ingrid,61.289793577709325,53.815082228508274,100.0
289,Rainbow,61.204748166674435,94.78703281247913,63.07053977352753
360,Lavender Belle,78.77686884872185,75.80803120379103,100.0
352,Daisy Mae,60.607381147092646,96.59003733097789,52.75976059746103
17,Petal,67.39730380965726,69.56037033824622,100.0
250,Ember,56.32271290992002,74.00055430194156,73.96190964377153
264,Starlight,41.20138810933723,85.99182917161833,60.33637488396256
64,Flora,65.89398822657363,86.72197016794642,100.0
339,Quinn Belle,60.193979276842626,84.84799914920602,58.3443966010704
416,Pansy,62.01518154266009,98.37429905393296,48.14920359261788
100,Kitty,61.365418247360225,58.16414118939316,97.79374802628925
409,Isabella,59.0267454555207,79.97938100241264,61.68529227270035
386,Lavender May,61.05797782860701,41.765120860001076,100.0
319,Winnie May,60.1675763029732,83.1799328723053,56.841696987854235
226,Gypsy,63.18919479506055,84.7832375586852,86.24318177382722
382,Heather,61.06038381759864,79.15110694215221,62.12512525672577
269,Xena Belle,60.8656675551956,60.16642278292713,100.0
270,Yara Belle,60.24107893668934,85.97948150330653,46.96844052241869
160,Serena,56.5715097481859,51.09304274218698,93.73423125138618
161,Tallulah,61.176238844901455,37.64125535017134,94.24673690282782
404,Daisy Mae,65.20754359578135,96.0631101363807,80.82726400095856
12,Matilda,60.61017020473139,84.65059697127315,82.42398093268879
135,Theodora,50.78969220924826,53.85680179210688,76.45981606398061
281,Jasmine Belle,58.91941834615321,27.227090160279335,99.43826208035486
131,Penelope Mae,63.8103166918678,99.87722524580158,28.933718004613617
196,Cassiopeia,60.848125201215574,61.45716293282922,75.49006273806116
241,Violet Mae,61.13467100750954,84.04950474967168,83.19078492969925
413,Misty Belle,58.172702597902294,84.83033171043962,43.444412548880564
114,Yvette,64.97613289994187,62.972605196167336,100.0
3,Buttercup,59.10577910711721,39.476189608279434,84.99274923222447
99,Juno,57.70944281201951,62.457683933397384,61.29993186726804
83,Lavender,59.16089844906849,54.00850595581868,70.3181508235252
224,Elara Mae,63.97336106407382,87.50505055508839,69.60176582284927
179,Lavender Mae,65.09852214056563,62.97578160505566,88.81613331216437
178,Kaia,59.20119670296744,71.3423263126179,46.41912251740441
199,Fiona Mae,48.36842062453141,71.16430776868515,55.02620663829805
205,Luna Mae,65.95112470935025,54.061815179811475,78.40569668770323
105,Patsy,59.93003869438233,100,62.523800388958875
76,Winifred,59.19075588394602,65.69781859432179,80.93631667739581
193,Zora,59.33633316530878,95.06235604604647,17.72984118298581
304,Hope,58.80423081000285,82.5099519955782,38.6102430672202
320,Xena Belle,62.27550695897592,85.0833163128432,68.33565059190789
139,Xiomara,60.391904430999105,25.798123702263076,100.0
129,Natalie,61.65595804395564,70.21727417049571,86.25910683365714
143,Bianca,52.33002258886005,70.7890284163266,35.8259926911321
88,Tabitha,63.18757041949076,59.36247052405273,100.0
321,Yara Belle,45.628196355768154,74.65539475920343,59.61092524687037
361,Mia,60.08585297801778,62.67921620826118,36.48849661155864
418,Rosalie Belle,60.32928922388598,94.06803541834327,59.39709289252882
55,Opal,61.41138638223744,75.50121790895328,68.90968519657295
183,Persephone,60.85733114169682,75.2947397799662,22.215255503030715
41,Maisie,65.11671012992676,84.04328963540136,74.70516656324033
359,Kara,60.543032798124194,39.56780941051497,100.0
323,Apple,59.774152176634374,70.22782690258047,18.92668971664962
182,Olympia,59.02652264179772,100,45.04129195627968
138,Waverly,60.170811243599424,100,34.56253840356732
338,Peaches Belle,60.798268486422586,38.673151056717614,45.95590135962522
259,Nala,42.95941683377866,91.10354558205822,46.34167829929327
110,Una,61.875441708363965,74.3405432968319,91.95578198280276
417,Quinn Belle,60.0792067944064,38.98723158378435,40.83631528008176
378,Daisy Belle,62.84301119367984,80.09599962105713,80.42382997193312
357,Isabelle,60.719181841292766,75.28755433500082,67.62296658551571
163,Valentina,73.80574403479544,45.96239427345527,29.40240527106997
363,Olivia,60.27646896107602,54.16009845637666,87.82839956076917
155,Nova,60.010761356724224,55.245393244279754,74.75974166519512
252,Ginger Mae,61.972351853843165,46.94688924181949,20.00415306278976
305,Ivy Belle,59.30422860155679,49.88156583401967,84.29091128174394
307,Kalea,78.15918101911456,37.33967961690708,21.822855938501707
392,Rosalie May,58.543649958166654,55.8409882961511,100.0
288,Quinn Belle,60.419626821516,47.74618689365646,3.147774877120497
51,Greta,59.29099940080444,43.31647678723298,100.0
215,Vesper,61.813198377553064,39.08292794730197,0.0
146,Evangeline,57.10159251680455,64.45052674902814,71.0477725744291
334,Lily Belle,60.312787677584005,26.221399592576592,22.843629417852917
103,Nancy,59.1147409292085,64.19712660706938,65.84583171002089
190,Winter,60.26864980498124,43.62003736379182,14.924230035103953
369,Uma Belle,61.54730139189205,86.21463139680908,72.5910935693526
11,Ginger,61.393603305399736,48.46291096389789,10.766411349424544
57,Daisy Mae,59.54548482521188,93.57853406561058,58.528285781907265
419,Sienna,61.137650876699404,24.93033630778543,0.0
312,Pebbles,58.68094007288708,71.2130461244967,66.4355955105053
102,Magnolia,60.640475074887036,60.65833542040824,7.921143474914004
218,Yvaine,59.03363495600309,48.560562382181715,84.31000082936953
255,Juniper Mae,63.818148531643146,40.63711190270781,0.0
343,Unity Belle,60.128971685765904,50.28898735158823,15.36187343500719
240,Una Mae,61.877263454964535,68.22754686314326,0.0
126,Katherine,62.28771433189662,37.49439503203787,21.868079816249026
168,Athena,62.27636833084373,30.362324686023737,16.48477173283078
164,Winona,51.813692542834154,47.064983338919795,39.50909855234608
337,Ocean,59.52530207979467,46.13307184177138,32.075803377257884
316,Trixie,57.326841140281545,67.23137080159992,61.59851206549226
42,Minnie,60.952887817109726,59.606757985219716,0.0
113,Xanthe,60.61746335473193,48.30459174389012,31.53581355452371
396,Violet Belle,60.43652422999123,37.6897680974611,35.171432034743646
130,Odette,73.21633057428991,58.49371088970806,0.0
201,Hera,52.29148736337498,36.876745696563276,50.31917041608622
227,Holly Mae,75.03233399837553,30.158795742080756,38.376739168508
397,Willow Belle,60.11235687327496,47.383780905975485,11.607689919523786
180,Margo,59.51588206284863,13.104573305942198,24.31661590355249
368,Tilly Belle,56.68892018974543,46.93450298238388,40.158636494605034
234,Olive Mae,60.47326004694587,60.62562657581672,17.05893551177852
177,Jocelyn,59.42922181743453,42.37169138709484,23.408351652743086
67,Harriet,60.34887073153897,35.08733333857793,23.86478980938031
299,Coco Belle,65.9382115181514,52.47440759202135,0.0
29,Stella,59.6051007469961,26.089190745699863,77.16827856008821
237,Raina,60.4075389900292,57.72946357699455,31.03886781510989
408,Heaven Belle,60.799315829137505,46.18889921025083,27.277996043903663
297,Angel,64.78217675488725,19.0547685896168,7.771587973016459
379,Ember Belle,49.120005987709106,68.59331557949815,24.639262701125016
71,Esther,60.89741893788355,83.15538356032899,9.616408691364825
108,Sable,59.6085934708956,60.636363525239936,24.028749779808063
60,Nellie,60.66355150530982,56.2650087335265,24.917832326585515
30,Sadie,60.70631927901604,58.197489910866594,14.678608600970101
261,Peaches,59.81548784666997,44.95373110385289,6.556204035016549
24,Jasmine,60.352065322955525,11.674852164803863,29.691852285351487
137,Vivienne,57.55122361826743,65.58944250130148,40.71937867572966
134,Seraphina,59.435033293211326,48.10240831062634,37.460697623584096
287,Pepper,60.459713858757326,52.02451744311119,28.306458343693116
391,Quinn Belle,59.47000211531986,9.871440919285902,59.549453918712565
165,Xena,60.39265924681945,31.929435261719508,7.41370768225957
4,Bessie,57.079730619356596,42.150465642368765,65.83556781226909
8,Rosie,59.42129804285338,25.084092249637436,60.83725175609225
407,Gloria Belle,65.70234123534755,58.627369503914096,4.960921172618185
330,Heaven,58.62842832202097,45.09585249096265,65.36485530721502
16,Freckles,64.47900600441203,65.73349167102758,35.369430223693115
214,Ursa,59.74547597480673,57.640882507326964,9.93529163521034
159,Rosalie,59.18533645220707,87.29581213013296,20.898935320976243
82,Josephine,59.357327045635245,41.6115746989083,42.954418352005376
236,Quartz,59.49197456331162,79.92315322171602,0.0
154,Miranda,51.256494922322325,3.8386874354765252,68.74326646130689
355,Giselle,65.71526700566713,40.07885213154634,0.0
133,Ramona Mae,59.93561361461867,70.77118850854376,47.22545831209767
401,Aria,58.87613586187225,74.57533849609354,29.97545317023558
258,Meadow Mae,60.60643572362104,35.561744768789694,46.29540999299665
115,Zara,59.39554298195297,61.54433872538534,34.535249441990814
243,Xanthe Belle,60.510791204167255,43.958016440630104,40.75104133755657
309,Misty,61.031754704326666,54.13945528136461,25.037989182272845
31,Lola,60.20726966310182,39.562381944296824,33.427134761395976
95,Gladys,59.372890055346154,60.91207055315437,51.15944957964427
203,Jade,62.798905704667305,47.93505415226436,51.06688287935686
271,Zara Belle,57.027705418823544,39.275717148979055,52.48133991718692
262,Quinn Mae,73.37327475310056,66.70810972177692,19.78591231230141
188,Ursula Mae,61.09619217188493,73.76817376404291,1.4169724317606054
152,Kiera,60.59925355121727,76.3602226825761,35.937992469871375
318,Violet Belle,59.536375540065,89.39624060064143,17.390075351307573
153,Lillian,53.07493490984366,51.86189415111618,50.01521986989301
187,Thalia,59.15166511956686,47.107440956586544,46.209972283928956
73,Hattie,54.26054293543786,68.21836429426799,23.95723373524257
349,April,61.16966086688373,53.83419959368801,32.71759918431782
211,Raven,60.489141487841316,61.64685342656689,0.0
381,Grace Belle,61.951139103461465,53.466214959820896,46.46916687817712
354,Felicity Belle,45.642350296568246,56.229674074830044,55.41818738776739
195,Bellatrix,58.2437657385395,80.76008161517379,27.086028146669253
72,Nora,59.015631294700945,55.72662289087316,42.14626063965063
66,Ada,60.24137035484697,64.33330926562002,26.47595633654711
7,Holly,59.302659036938486,53.91947686945472,25.805711651208018
221,Belle,60.10120320271422,60.89513424851656,66.95338159083224
162,Uma,59.3279611383235,62.85994959502564,60.039566322031334
74,Willa,59.94178144294296,64.80641415812636,52.45731274570316
91,Maeve,45.81753949188949,82.47626406458949,31.03826692613989
25,Lily,56.46282085977925,29.53591561144486,67.39631608750503
398,Xena Belle,61.13781596489973,76.28921310364134,51.80758664108431
38,Beatrice,57.85612303961239,51.545201507554836,65.50010887472308
366,Rosalie Belle,66.53704461665484,15.306178813094846,93.41409512175214
376,Bella May,43.52047543731591,53.28428110415672,47.799958689618705
86,Sylvia,60.947205142848034,47.069696492157824,43.49961150814799
335,Meadow Belle,60.43577287116545,65.03561392144158,19.47523582724499
144,Calista,60.422195096961126,58.69529661738983,21.93261941696714
94,Dolly,57.487534311708494,96.13682228945359,27.76148907866112
207,Nyx,64.9140709363566,88.07078787284907,19.03778479137982
21,Willow,54.48988475484744,36.120708896545764,55.77480390178067
84,Martha May,59.905275513918426,24.639950941796045,62.1395140440342
365,Quinn Belle,60.25811286496183,71.923162403534,3.791541369162779
212,Stella Mae,59.412686712530004,73.00025225100273,0.0
170,Calliope,58.932210600824135,56.251632083964616,78.24874768844333
256,Kaleidoscope,45.10421890037077,62.5809982589141,59.20861935349502
387,Mila,58.0088992844247,85.77971320717914,25.74279224472561
298,Bubbles,58.23550465686292,32.463658124922794,65.14729604646709
43,Olive,59.03812903424557,57.61472041812105,34.546375336127326
217,Xena Mae,61.55105483715279,58.05068630168595,19.70146529511383
109,Thea,58.50543629282481,54.33708874029383,86.53163508648117
410,Jasmine May,59.66512332562239,53.382764461775096,77.78206115219615
191,Xanthe Mae,60.02196479881949,94.34633938984953,18.430176481509886
331,Ivy Belle,60.56944390199236,58.84303856489233,87.07919241392312
20,Ruby,58.85414382461673,64.4379230707485,69.68823671458182
347,Yara May,59.59651402163306,97.60120250574579,32.07053580691137
111,Veronica,60.36479826332621,74.3743851218713,49.66613801050426
40,Violet,60.621992466597,74.22170059560708,43.20772383101649
202,Ivy,57.47329124882639,40.76437149217257,72.30880662309471
279,Hazel Mae,58.82914773554507,37.31887043537189,69.46244013225625
367,Samantha,59.26532781304086,76.60014781978282,25.95943300139085
34,Millie,55.98548589300769,61.33346468191813,46.2008766368871
123,Hannah,59.310301626603284,70.1978251833061,31.42036942324798
53,Daphne,59.16350564788092,37.126258460928355,58.52341324317557
194,Amara,55.85690180464981,45.01262717830313,73.80678807548284
371,Willa Belle,59.29366406919071,70.34574487183454,41.55773205838507
32,Annie,59.37869306609515,84.84704188426916,22.738191203080763
5,Clarabelle,48.310544148507006,45.52050075967422,55.48211686657087
263,Raindrop,60.34047974172851,43.90713284162516,52.83656055695951
325,Cinnamon Belle,60.48299567736395,81.63207572092078,42.662839940714186
290,Sunflower,58.04903843912395,87.41713476194107,25.575503882813127
54,Fern,59.40579308681402,82.28557727196085,24.9690887382335
186,Sabrina,57.85060878863584,44.701248631209715,56.16262735447586
198,Eowyn,60.16365604290019,62.752199744917185,33.753344564485104
92,Prudence,59.598977146281435,73.66556043444105,16.964836003282628
286,Oreo,62.023095018591,60.31192870563943,87.19711100544703
62,Rosie Mae,59.52803414336717,40.13152983869282,72.02024036451519
411,Kitty Belle,60.41204438517158,10.939297749403803,86.31479617908425
383,Ivy May,62.81788683912573,81.67327712461257,74.00557285283818
208,Ondine,72.15845501363827,48.28531009950236,100.0
112,Wendy,59.78716161719428,44.43008452245253,73.77893511511023
380,Fern May,61.43581261479063,37.51750778102409,59.45129867788923
348,Zara May,62.37241897521248,94.78474923121466,55.771206651915946
374,Zara Belle,61.65414975507431,66.05489699075305,78.53555805338056
209,Pandora,60.454530160779946,81.77957660117721,59.45635231930545
295,Yara May,58.76905913494213,39.52004390680783,82.50003901686537
150,Isadora,59.11383503355502,38.37674705560476,66.69281074927311
184,Quenby,59.3882448157352,54.11599382131077,46.82625898569183
353,Ember Mae,59.53331624852043,55.41918875847519,100.0
351,Candy,64.27764746085641,68.40658250397713,74.42555645829133
326,Daisy Belle,60.89481614636536,70.75192627492248,71.16582932709801
272,Amber,60.93535966372738,72.11876010249384,61.25863738923675
254,Ivy Mae,59.8076120510589,58.79691257209035,64.35836122310374
303,Grace,59.626213529309744,61.06372547571738,56.20330623245677
166,Yara,66.30851296264122,41.7053354087068,81.61806503634088
50,Martha,59.563264051194814,84.6068315171189,28.50151088703295
96,Harper,59.04570471733066,80.56641154515272,59.00737407126234
406,Fiona Belle,61.80497753524187,77.67436312577,43.529214416016046
274,Cocoa,60.92807241319092,62.60611113536327,84.72801685475343
229,Jasmine Mae,59.92611571342671,72.22992569990693,68.15093426404738
156,Octavia,60.35077331787049,59.18642060789421,59.49820912662032
313,Queen,52.20786983049134,96.98062187403502,50.20795771193847
132,Quinn,67.74828111598724,92.92753147523969,84.23940177250341
251,Fawn,58.91168489790619,78.55014327201826,58.58965464723371
106,Queenie,60.89767516880702,80.42817364098947,85.81188736729314
327,Ember Belle,57.920091065861115,62.35271563538013,71.9302137439784
300,Daisy Belle,58.71847949766494,58.58113925560064,100.0
341,Sapphire,63.61831249081659,26.650649373952458,100.0
222,Celestia,41.838115483709714,83.4879421570447,67.47862863190866
268,Winnie Belle,57.46692738912533,89.21573443494863,33.88653112230915
197,Daphne Mae,58.75926937630741,49.88626941187286,94.54234477676545
377,Caramel,82.95401591081534,92.23679651257655,25.05239339858086
253,Harmony Mae,59.62537599102136,87.97827625357377,48.715729223308855
228,Iris Mae,57.994377865478775,67.15155299365811,64.18035659020902
116,Abigail,47.40462530091669,46.59654908132758,75.59046550149935
204,Kira,58.379218340428224,71.64119453483923,47.03755901577599
210,Quintessa,59.810644076784094,47.85876978835527,70.05771480782352
18,Dottie,58.089330499922326,48.368733951054935,62.74886744314247
158,Quincy,60.31965510802708,55.11152401314387,46.49556087716784
122,Genevieve,45.66555424589255,45.2087068559995,54.014256856812516
276,Echo,48.138272517875976,72.8871775950607,20.743299494994925
244,Yara Belle,60.68021354119008,66.30545558010822,21.309581602815385
282,Karma,60.56296696499762,49.59281646182248,32.60952815841711
75,Adelaide,73.08790109021582,41.281593940829275,34.52114947546283
260,Olive Belle,60.507238911160414,55.06501937790884,15.485333211369912
69,Cora,60.31441906287693,64.93547147240551,5.721675567880197
393,Scarlett,73.08903476734898,48.441117214628434,8.844825410406465
248,Cinnamon,63.2643566214101,36.81816255018462,0.0
10,Molly,61.99241649872635,22.499612918803265,8.581105505706333
147,Faye,67.65759709282695,35.403603394802104,0.0
266,Unity,60.48277427856623,33.998375398948944,0.0
415,Olive Belle,60.62377951151979,54.690699167392744,0.0
402,Bella Belle,74.25496840552378,28.1563352979372,19.48989101302382
405,Ember Mae,61.72964622383847,37.79364660421607,19.147446298770948
145,Diana,64.4990491945384,30.510050480823992,33.34190354647399
373,Yara Belle,63.90546921729575,69.4756469849161,0.0
52,Tulip,60.936970473447275,74.98285987028959,2.009997239864056
246,Amelia,60.63089145505449,57.86149504780834,51.064332055366144
342,Tigerlily,60.16609867001,49.630661579772365,18.878101698181
322,Zara Belle,60.21923626738629,57.093849500631556,6.598876689954899
81,Imogene,60.38506224868493,39.49941914809624,16.87390728369757
9,Luna,61.71822018853215,47.570681279851016,0.0
344,Violet Belle,61.3312589648241,11.23018815563504,24.486632464815237
311,Orchid,59.98425243346127,83.255228798354,24.16235889112957
206,Maeve Mae,59.37853352197816,35.91651718303638,34.61049046781984
414,Nala Belle,59.712377562610804,17.503458969562466,56.127973476320406
370,Violet Belle,60.19043077933939,46.924353503859535,25.342202352669247
46,Honey,59.156867497616574,71.33886311209947,5.477288364812608
394,Tulip Belle,59.83265103008437,8.195787735924554,46.99644908153687
273,Bluebell,59.23676400588921,46.90835447952613,42.899831224959705
176,Isolde,59.63423485519408,62.08795795802608,14.754022763006404
301,Ember Belle,60.71387119965183,47.19203063172637,25.147697336230507
225,Fern Mae,58.7375555737625,47.719312738029664,41.09097666912308
302,Flower,60.45963661648287,69.02192703599628,38.10144918003114
223,Dahlia Mae,71.00376391967438,73.86616391515261,11.52322953465346
265,Twilight,60.06855125055027,32.497789618142335,44.50802778887333
385,Katie,59.14670249619344,47.97051972575061,44.741786867929505
27,Lucy,57.5989445579924,48.1120958630218,22.37862459932193
216,Willow Mae,60.543414093505206,46.53388103850972,0.0
63,Gertie,64.25755515298198,29.79916824330312,0.0
2,Daisy,60.58567704986484,96.20025392436109,13.52894977654524
345,Willow May,54.265847365430766,51.77751476746704,34.83927764157668
36,Rosabelle,60.63536579293635,59.62264644662955,4.744572594701708
356,Heidi,61.23387402356864,31.23186465822695,0.6766694672996536
93,Sally Mae,57.973074345891284,51.923802759065445,59.02006784161211
98,Iris,48.8263825155324,81.52187644467217,18.20419794023262
340,Ruby Belle,59.6710196477641,27.052618946603523,54.72755380525175
89,Henrietta,59.760293123197,72.5755488836281,5.369201067481448
77,Louise,60.42032339085441,52.28581939467019,17.305774433071598
420,Tulip May,56.402751339182686,60.700843091111025,43.43426081930175
384,Jasmine Belle,59.968711603083364,49.965051599796595,50.625622569234515
257,Lavender Belle,58.658959752233734,62.846817879097394,15.618533889861986
79,Bonnie,46.10465801569836,2.0583911137544533,62.969411620993355
332,Joy,59.090754205892054,34.88351953270318,11.614157629266245
358,Jasmine May,59.43329094559401,100,4.255439917767674
400,Zara Belle,55.75688030273637,42.8892979882781,53.10304243145749
48,Delia,63.87261331231132,68.37102289602504,13.824862151210986
231,Luna Belle,64.79250868007941,73.27598303962337,3.8812457744695905
362,Nora Belle,60.58096639927414,78.9607933919485,40.498148130339096
220,Amethyst,63.95296171718033,43.56769735265909,73.02536624280881
78,Agnes,57.546705493243316,44.09380404261025,55.47399935075492
56,Betty,63.54703487649846,74.21151540468902,18.78572691868777
169,Brielle,82.36355964791036,72.6115867854336,3.385035494074316
296,Zara May,59.1933659166313,43.19900325478627,14.432529818277473
181,Nia,59.41861470394547,71.82755425226269,32.014312373863035
189,Vera,61.29486095400877,49.001775192714845,51.05602499834644
26,Bella,60.59579413096905,56.49456604497997,31.330844031317223
389,Olive May,49.59507392528709,54.255352141897106,29.567240893017406
245,Zara Mae,60.39902859454795,76.80445063422587,0.0
283,Lily Belle,80.92688894539758,35.61071470839114,33.59568354204245
80,Edith,59.5417302196796,34.530505613264374,27.950803222197695
174,Guinevere,58.67539010540197,50.01686721808511,69.81785447053346
22,Clementine,63.673359579300794,55.333020489002415,54.39456457684616
97,Harmony,60.35818516649704,64.58161402772978,25.832220196136294
37,Winnie,53.47054344232287,88.4807425592004,1.3813068620934246
333,Karma Belle,56.14763188406598,55.46092503705337,54.434099157928024
233,Nova Mae,67.24939886832485,69.98543672601622,0.0
292,Violet May,69.22120596964051,40.853497336767255,23.548194121686763
142,Aurora,58.8570317243746,41.967373984799735,67.13559405579488
314,Rose,59.512486587957774,64.1038059294947,40.47138124964739
45,Delilah,57.071800574103506,35.82728263810304,59.887233108014826
171,Dahlia,68.29719188664049,70.31690949682103,17.153754461222654
375,Acorn,59.407044781930125,40.32230543380881,36.53211232538775
1,Mooey,58.88505036080095,51.62884297522688,62.90021199141762
49,Juniper,46.45214216653258,60.57791566580397,39.341617018442115
285,Nutmeg,60.14140663332275,53.9762343072793,38.82989067697795
324,Buttercup Belle,60.525516304394905,31.757871245825832,49.300251287929015
293,Whisper,58.8539094382675,40.207707291215414,80.85638045574863
328,Faith,58.39667741137993,28.97918212863057,66.22478681736968
65,Gemma,60.710758600818814,43.06106326246759,41.358168167645324
219,Zephyr,70.16860379453527,43.67865709959476,33.41197235602148
140,Yolanda,60.91309277868898,77.45195869032455,44.09717925472032
390,Peaches May,59.51258709497113,70.90015116575788,29.520965294895742
403,Cassie,59.57824272634096,34.124320790707586,48.735372461738535
90,Lorraine,60.27100572571319,42.82519720055086,33.94115951652263
336,Nala Belle,57.401521880988554,60.53258431319148,49.966403303121105
68,Mabel,39.89964997429868,74.8934188920466,28.639046178983996
127,Loretta,58.740112170577994,79.66656113728439,19.880901206900113
280,Iris Belle,60.12378936639832,52.50341080681014,42.32588377270336
35,Pearl,60.428018099174736,54.34920137039908,34.254133574949975
249,Daisy Belle,61.389715510541016,81.13636864965333,51.477786259373474
172,Elara,55.22155040839484,19.245763445868988,100.0
277,Fern Belle,58.74461448590439,91.84331408803564,21.493692509974903
317,Utopia,59.322635475310555,44.106775313630195,62.73102323906643
192,Yara Mae,60.267600184669604,52.67098643721424,41.17768050664687
275,Daisy May,60.73649987394442,51.61554189912582,36.64221923821166
395,Ursula Belle,56.81375172665757,38.404178405114514,71.41447896866025
242,Willow Belle,59.91145838665557,84.27699641060072,18.83247961057288
388,Nutmeg Belle,60.054808189283776,76.00841150286502,22.95690277417993
85,Ruth,60.309791850373045,47.434692686790214,41.67141222258546
232,Meadow,61.15339005201392,58.65294872738632,80.33564097704574
117,Brigitte,56.12942866084403,71.33563147029443,43.94085861133597
28,Charlotte,59.174799133494545,70.11664187407699,38.726241568837295
364,Paisley,59.352647687135885,71.77226387963655,33.806393195396375
47,Marigold,61.845783240441044,32.55005733714564,67.40833981388917
399,Yara May,60.19424532269637,81.35165611096961,13.82461071959603
329,Gloria,59.03514544971596,44.70264105923847,80.04798167201045
213,Tara,60.41741521201968,20.111470457268275,78.19061911754267
247,Blossom,59.60829769267541,63.41535850327221,81.38329008170857
185,Rhiannon,58.843735097644256,64.28035308423254,67.23599450376925
315,Sky,67.41699770712728,94.30661249062408,26.390064946713814
125,Josephina,53.627378554788606,58.647611383805405,54.031203654485644
238,Star,46.353689390899746,67.04938294600562,43.74397359810099
70,Ida,57.86169543292614,75.94397891186529,66.91992448956634
157,Primrose,58.75509345856072,71.70304315656982,45.059270258595305
118,Camilla,58.19846298115477,37.825306091333296,71.23725420933042
412,Lavender Belle,60.83310978115811,35.98358679219461,69.6838186607624
15,Hazel,60.88460599490912,66.7309552720818,83.0274258777744
151,Juliana,58.800691609407735,62.03129767081936,45.21506791974581
136,Ursula,57.431274229122685,42.75984300435465,62.54099039497112
33,Elsie,61.89071754437913,70.21070481572045,88.36175572652343
19,Pumpkin,59.780345526565,72.79532753171301,71.28135316156802
6,Clover,46.48908199651348,78.74891184327186,51.86477637845585
235,Petal Mae,56.59043638195652,70.4492159926199,50.59313505325972
167,Zinnia,59.47530998822356,33.46381621066126,81.32026840070057
128,Miriam,59.46510520378777,69.83593198174584,39.740317769883426
173,Felicity,60.077967581665625,62.557488505796876,40.98332148826616
230,Kismet,62.82506190967746,67.79230824962836,99.06315715984539
346,Xena Belle,61.32868560035143,58.94389947564078,91.85173592469657
107,Ramona,58.582687784535324,55.980423539802075,82.56157666971049
104,Ophelia,59.070528483547555,83.28931183884184,48.99375351443238
141,Zelda Mae,73.47878746028468,62.510734276695594,87.25394864866774
372,Xena May,49.578167351223584,53.148799458109465,73.37820915990186
294,Xena May,58.786745878466974,100,19.302116184787142
200,Galadriel,58.648801906200475,36.959654462181945,77.08276367147224
310,Nova Belle,59.488710304885394,76.22781829886623,73.69677834658361
119,Dinah,49.84946830653261,53.946696955607074,57.0831509441794
58,Coco,59.85696284693341,89.5266118575013,61.67644245765291
61,Zelda,49.11337909007323,88.2978321167033,47.11504523133881
121,Frances,58.98540277953403,75.48631319250455,44.3811902292643
120,Eloise,45.80462190917327,71.85292452619701,57.777984981208206
87,Tilly,58.80829187396905,59.67439886186842,64.75540038248161
350,Bella Belle,67.47030687594533,88.92833038765932,76.7772766172232
59,Eleanor,60.45566392741693,66.71240654698894,83.88839997417709
101,Lacey,61.57207301399294,53.501900301180115,85.37359925655221
149,Helena,57.54952600347974,50.67932627523213,76.33973358237382
148,Gwendolyn,57.061654679842604,58.33402858730031,62.763865043904985
