23,Poppy,64.2360987277321,86.311137734755,100.0
291,Twinkle,71.22595647053367,74.55008271206941,100.0
308,Lily May,61.2580864931067,64.42322660963907,100.0
305,Ivy Belle,59.24563234054329,41.79947102587374,84.29091128174394
286,Oreo,61.81635534181939,74.35618921725138,87.19711100544703
208,Ondine,75.52957614447459,68.45669840346662,100.0
197,Daphne Mae,61.01750559647336,58.714528783713924,94.54234477676545
88,Tabitha,62.02914825738123,64.06890967374082,100.0
348,Zara May,62.18991858231522,91.04979278965975,55.771206651915946
64,Flora,63.59607042840268,72.07314148748478,100.0
229,Jasmine Mae,60.94968856254446,71.90855383826514,68.15093426404738
360,Lavender Belle,79.78390220952492,66.27856631829385,100.0
120,Eloise,44.50069258446943,76.93922200097786,57.777984981208206
404,Daisy Mae,60.358111945925444,93.76605028307728,80.82726400095856
125,Josephina,52.93626735601122,75.2152545889792,54.031203654485644
226,Gypsy,61.77482688741645,77.82203564433757,86.24318177382722
74,Willa,58.04384607462092,69.60797375256365,52.45731274570316
331,Ivy Belle,62.02435687134945,69.67900989643732,87.07919241392312
166,Yara,70.42665009920935,35.811493365124925,81.61806503634088
278,Ginger Belle,70.62232599803583,85.68532413935182,76.94190767875007
321,Yara Belle,43.87255505342829,59.6044051839892,59.61092524687037
110,Una,59.23400655022441,67.12573798602469,91.95578198280276
311,Orchid,58.85719226156161,82.79654741432726,24.16235889112957
346,Xena Belle,63.34373638364749,56.95476664919541,91.85173592469657
276,Echo,47.915400421712214,81.93500373598997,20.743299494994925
41,Maisie,64.83303683395123,83.96801199542641,74.70516656324033
154,Miranda,47.53956410257247,27.801340547878578,68.74326646130689
83,Lavender,60.48005195190847,66.65267433157689,70.3181508235252
401,Aria,60.42657585704984,61.831262785893905,29.97545317023558
353,Ember Mae,59.757712934541175,62.12833817702056,100.0
258,Meadow Mae,60.15767443209697,44.54520422171399,46.29540999299665
114,Yvette,66.5951239506714,53.05145687113479,100.0
164,Winona,48.16152476126764,41.88818765591118,39.50909855234608
254,Ivy Mae,64.63384876205994,73.46906099831102,64.35836122310374
296,Zara May,60.546087620535296,55.36015753057732,14.432529818277473
101,Lacey,61.30969051620012,48.69136291648013,85.37359925655221
233,Nova Mae,67.50092950862049,65.69643377998948,0.0
44,Georgia,62.44479573907909,65.23791941420237,100.0
81,Imogene,59.66853267431909,43.50723282624012,16.87390728369757
392,Rosalie May,62.20188082522616,57.61799807860411,100.0
419,Sienna,60.52389370520044,52.0791323494863,0.0
19,Pumpkin,59.67094531066445,79.95963445139797,71.28135316156802
24,Jasmine,60.10949190367395,9.592749354979805,29.691852285351487
213,Tara,59.70600926869712,53.93277913112748,78.19061911754267
407,Gloria Belle,66.69632917463855,40.62859046663377,4.960921172618185
359,Kara,60.70508150376503,53.75417224439237,100.0
180,Margo,55.25319615934442,26.014933211175588,24.31661590355249
341,Sapphire,66.28891713389766,45.90282211536707,100.0
211,Raven,60.76066483637399,52.42145283296242,0.0
57,Daisy Mae,56.854005960762706,81.31209703661314,58.528285781907265
147,Faye,69.6525798826607,37.36757183067282,0.0
182,Olympia,56.695820877252785,83.83797693028758,45.04129195627968
245,Zara Mae,60.19847813268992,73.97000282844672,0.0
269,Xena Belle,61.839453633034466,66.66738846999121,100.0
190,Winter,62.50348735302931,60.40797766445676,14.924230035103953
194,Amara,52.60315890078539,56.60644853522581,73.80678807548284
214,Ursa,56.04900688754101,50.820801884207846,9.93529163521034
247,Blossom,58.51681301103579,45.71485018403094,81.38329008170857
9,Luna,60.20931411443874,60.507858383514694,0.0
355,Giselle,65.58098120764909,50.61069865215505,0.0
75,Adelaide,74.61864031039052,40.10690096461562,34.52114947546283
216,Willow Mae,57.296414832468884,40.227549469780584,0.0
168,Athena,64.51669588437103,42.04533912696021,16.48477173283078
288,Quinn Belle,60.041646511125805,36.46541187667081,3.147774877120497
365,Quinn Belle,60.2209565260827,70.38312406944577,3.791541369162779
63,Gertie,67.38427373449163,41.22574225995898,0.0
299,Coco Belle,67.09071208742067,66.6618456380971,0.0
335,Meadow Belle,60.149098467611395,59.6481803440327,19.47523582724499
115,Zara,60.234644607654474,51.46251325033197,34.535249441990814
60,Nellie,61.05277423190791,42.69433607852799,24.917832326585515
184,Quenby,58.93458642986311,40.07267031612677,46.82625898569183
234,Olive Mae,61.19384724062228,64.5651249803435,17.05893551177852
343,Unity Belle,59.82960653967516,55.01260612724234,15.36187343500719
323,Apple,59.8356956861965,66.83760613944662,18.92668971664962
262,Quinn Mae,75.89783275490949,60.021457420131874,19.78591231230141
322,Zara Belle,59.64699045961918,59.89789676469456,6.598876689954899
273,Bluebell,60.29646054915004,44.3490861704799,42.899831224959705
169,Brielle,83.54942553178519,65.84934969750432,3.385035494074316
67,Harriet,60.680263856443794,36.011937393834664,23.86478980938031
408,Heaven Belle,60.98368936404808,49.26517492566305,27.277996043903663
377,Caramel,87.74513595379274,66.93853958047895,25.05239339858086
66,Ada,60.488567298559154,60.486602711472344,26.47595633654711
35,Pearl,60.12839449526168,38.18656408668809,34.254133574949975
344,Violet Belle,59.81507722005473,26.37116928842002,24.486632464815237
246,Amelia,60.31107144295286,46.340990533228315,51.064332055366144
80,Edith,54.91924457876229,51.33610870120792,27.950803222197695
10,Molly,61.062560011830335,32.39290859893684,8.581105505706333
159,Rosalie,59.8160126156146,69.59672303055777,20.898935320976243
302,Flower,59.74117176026024,63.63314290703452,38.10144918003114
293,Whisper,59.023103952108016,27.410687807764543,80.85638045574863
7,Holly,57.91014123677734,60.083170345773254,25.805711651208018
227,Holly Mae,78.88553100747889,41.13166705696439,38.376739168508
145,Diana,65.09694559805342,34.10630595543333,33.34190354647399
304,Hope,60.96186623100033,68.30177219363776,38.6102430672202
5,Clarabelle,45.02280252294189,40.69461620417819,55.48211686657087
376,Bella May,42.88355158404089,44.07125343000702,47.799958689618705
212,Stella Mae,59.317618760773925,76.60043407475605,0.0
301,Ember Belle,60.48274338186355,48.25616924973177,25.147697336230507
21,Willow,50.91690384677703,46.59989923693818,55.77480390178067
113,Xanthe,64.63383189928524,61.17341536562671,31.53581355452371
137,Vivienne,59.14010107518503,62.725002313280335,40.71937867572966
303,Grace,60.31526974508939,40.163361541673254,56.20330623245677
43,Olive,57.66459578539784,56.76026551548292,34.546375336127326
26,Bella,60.6543674435768,53.86108231152466,31.330844031317223
69,Cora,63.93000275649916,68.19490578806774,5.721675567880197
118,Camilla,59.76650505793704,36.43123304402876,71.23725420933042
388,Nutmeg Belle,60.773054715705776,75.78451639508715,22.95690277417993
364,Paisley,59.526794494109964,62.66006643503225,33.806393195396375
399,Yara May,62.26737990184944,72.90100886969022,13.82461071959603
206,Maeve Mae,60.99156913978914,45.455322637153195,34.61049046781984
176,Isolde,60.64745362699901,59.60992773424109,14.754022763006404
73,Hattie,50.138691603243224,78.59266767140157,23.95723373524257
231,Luna Belle,66.74563487187794,86.1761693974612,3.8812457744695905
336,Nala Belle,56.757933383988444,62.12985932916464,49.966403303121105
333,Karma Belle,55.16196356562113,46.638323139737565,54.434099157928024
82,Josephine,59.66143582190172,47.75204674220338,42.954418352005376
394,Tulip Belle,59.48337346699613,33.78691295274044,46.99644908153687
283,Lily Belle,81.81851219502637,41.268529779400836,33.59568354204245
272,Amber,57.85266354938048,51.02255099286932,61.25863738923675
400,Zara Belle,53.271977338844,50.71606953207116,53.10304243145749
151,Juliana,58.53066248205246,58.009259627093286,45.21506791974581
86,Sylvia,59.43308745961771,47.05666643870061,43.49961150814799
48,Delia,67.40900348912707,66.75296001014902,13.824862151210986
188,Ursula Mae,60.9567275660939,71.59827000922326,1.4169724317606054
242,Willow Belle,59.138956289114056,88.00819372346783,18.83247961057288
149,Helena,54.682420312526226,45.624211276078164,76.33973358237382
235,Petal Mae,55.47273568571945,67.37866422696557,50.59313505325972
314,Rose,60.95363307177553,72.5583006872074,40.47138124964739
153,Lillian,51.77843956027684,56.38246673174367,50.01521986989301
237,Raina,59.87297156782738,64.82759450898887,31.03886781510989
192,Yara Mae,58.542207268087076,44.90229784913221,41.17768050664687
38,Beatrice,59.74438915772098,56.73133104286023,65.50010887472308
93,Sally Mae,59.510681924715975,58.70007465070172,59.02006784161211
170,Calliope,59.44763258361426,28.915744429076028,78.24874768844333
157,Primrose,60.295738985903334,57.42520002539935,45.059270258595305
375,Acorn,59.47178471770976,60.39988177877203,36.53211232538775
417,Quinn Belle,60.20644524152429,50.31913941869735,40.83631528008176
78,Agnes,58.28432513809451,62.739673716189614,55.47399935075492
189,Vera,65.0741947408519,56.07147447914507,51.05602499834644
362,Nora Belle,60.084352866168366,71.75400857563773,40.498148130339096
2,Daisy,59.965579876490615,94.2363996219472,13.52894977654524
203,Jade,68.84182723864421,52.14104784677416,51.06688287935686
40,Violet,60.58862407139706,53.845128558431455,43.20772383101649
108,Sable,59.959032263879735,63.308954539983084,24.028749779808063
34,Millie,54.24133383060187,76.56279749252288,46.2008766368871
32,Annie,59.520176183251074,95.65074312966253,22.738191203080763
117,Brigitte,54.60735179428314,67.49614632760057,43.94085861133597
47,Marigold,63.72384761245156,40.96331864399488,67.40833981388917
11,Ginger,63.0936419620676,70.7225748578585,10.766411349424544
119,Dinah,48.45491205452211,54.81808727263838,57.0831509441794
372,Xena May,48.191107274894875,57.11041579154125,73.37820915990186
111,Veronica,59.578117660134154,58.92840102756582,49.66613801050426
250,Ember,53.53213729456743,67.68025444992695,73.96190964377153
104,Ophelia,58.4089620754771,85.04548864169348,48.99375351443238
218,Yvaine,59.61818345099461,42.6904434614427,84.31000082936953
1,Mooey,58.47645743658555,61.72966129715995,62.90021199141762
53,Daphne,60.33111466574573,47.98010556468104,58.52341324317557
327,Ember Belle,56.824311086972,63.10994945493409,71.9302137439784
210,Quintessa,60.128678343411686,48.31376487841611,70.05771480782352
366,Rosalie Belle,69.44112484468474,40.77043543906986,93.41409512175214
136,Ursula,58.54069117394483,59.62271855549318,62.54099039497112
121,Frances,55.92093135190913,68.37341166944132,44.3811902292643
127,Loretta,58.6453275671796,87.13454382425222,19.880901206900113
87,Tilly,60.52935149004298,37.87341574690729,64.75540038248161
20,Ruby,57.70145565058922,69.88326078463061,69.68823671458182
99,Juno,60.94196096819216,74.54092690349354,61.29993186726804
196,Cassiopeia,59.30210674482105,52.31481188229036,75.49006273806116
152,Kiera,58.52203893174888,73.14239885305705,35.937992469871375
68,Mabel,38.131928598237806,77.5152265575183,28.639046178983996
116,Abigail,45.77210619524644,27.072189106910884,75.59046550149935
143,Bianca,49.56428117522885,61.83088593951002,35.8259926911321
387,Mila,58.76559303714566,95.87633780775354,25.74279224472561
3,Buttercup,63.57772089519049,39.02996051637267,84.99274923222447
178,Kaia,59.485234514096916,67.24046700947683,46.41912251740441
100,Kitty,60.73431810857911,56.267528152198096,97.79374802628925
232,Meadow,61.29570476835703,65.46493592303813,80.33564097704574
339,Quinn Belle,59.679342746999104,81.41250646280261,58.3443966010704
222,Celestia,35.48174947944691,62.742966895840965,67.47862863190866
270,Yara Belle,62.61485463862418,68.89568108167204,46.96844052241869
181,Nia,58.29591406940706,79.23856207357986,32.014312373863035
150,Isadora,58.90470512553191,41.897329686593096,66.69281074927311
72,Nora,59.20566103452449,60.59509859090629,42.14626063965063
62,Rosie Mae,58.168267476897746,24.72815239398163,72.02024036451519
61,Zelda,46.72796557846223,80.889243901517,47.11504523133881
363,Olivia,59.225638835319614,53.606818064796045,87.82839956076917
279,Hazel Mae,60.35462387017639,56.86575019539148,69.46244013225625
290,Sunflower,60.75219699929001,98.40730420368314,25.575503882813127
398,Xena Belle,60.43481612083199,66.29147939496737,51.80758664108431
140,Yolanda,58.40811910005565,68.3470637537851,44.09717925472032
251,Fawn,59.44357069978179,72.68914964562006,58.58965464723371
109,Thea,54.24313242943811,43.307407391409924,86.53163508648117
412,Lavender Belle,59.50153382330135,44.18840852753311,69.6838186607624
193,Zora,59.00174278895089,86.98838521587831,17.72984118298581
141,Zelda Mae,74.40472113528048,59.900880260619516,87.25394864866774
357,Isabelle,60.9243860152148,72.52724119657707,67.62296658551571
29,Stella,60.59122811220114,46.60324344999287,77.16827856008821
267,Violet Belle,61.013512468699325,78.8876814305945,83.52461069033635
103,Nancy,59.855174406412814,75.53781142898977,65.84583171002089
329,Gloria,59.886301733652985,42.47539821291062,80.04798167201045
191,Xanthe Mae,59.35259888446866,99.1277741549373,18.430176481509886
91,Maeve,46.64467206981083,80.81420621051839,31.03826692613989
14,Fiona,60.40924796212743,92.19306008566231,62.433280941281716
313,Queen,47.70176179316927,97.51721588619584,50.20795771193847
378,Daisy Belle,62.30527484629406,81.78066559486932,80.42382997193312
369,Uma Belle,61.08613147485697,67.40788052251288,72.5910935693526
59,Eleanor,61.645034310308446,62.6129585590221,83.88839997417709
281,Jasmine Belle,59.57605669476738,29.08263989202949,99.43826208035486
17,Petal,70.75728417502835,60.393787928406596,100.0
139,Xiomara,59.03443634005962,41.870095452642644,100.0
174,Guinevere,59.51748357171245,52.56445615608355,69.81785447053346
12,Matilda,62.062568159518804,78.24165899743622,82.42398093268879
410,Jasmine May,60.968906802141156,51.03795298028353,77.78206115219615
295,Yara May,55.77042713141906,39.93026835705753,82.50003901686537
123,Hannah,58.66659251321209,86.19745601709718,31.42036942324798
106,Queenie,60.5255071739459,82.24516681874609,85.81188736729314
33,Elsie,60.981674535187494,80.9913124394496,88.36175572652343
239,Tulip Mae,63.52616871936017,84.64918438990385,88.50945447616668
418,Rosalie Belle,62.016337923394104,98.94187286985864,59.39709289252882
175,Hermione,67.81834794848079,82.70908643573631,78.76899887271583
275,Daisy May,59.84639279611028,70.46484032414372,36.64221923821166
320,Xena Belle,53.637607458276484,80.76097537432827,68.33565059190789
205,Luna Mae,71.15389364154078,67.19293187910763,78.40569668770323
350,Bella Belle,68.33478451477256,87.37779385083651,76.7772766172232
382,Heather,59.25937330162946,81.03800287069875,62.12512525672577
122,Genevieve,44.117131395859744,68.54382731711486,54.014256856812516
39,Phoebe,66.3842769056348,71.7323399153315,93.48674699317641
55,Opal,58.895627558722666,68.83495721505855,68.90968519657295
224,Elara Mae,60.57818596558262,97.20050872548751,69.60176582284927
330,Heaven,60.723828514875805,64.77094423626852,65.36485530721502
129,Natalie,61.266607962235284,69.79255913642865,86.25910683365714
316,Trixie,56.18604007712989,63.79030357018978,61.59851206549226
13,Penelope,65.29665147086429,72.67749226380342,100.0
268,Winnie Belle,57.48323713928724,87.6829577088471,33.88653112230915
58,Coco,61.29854210198834,95.35210869023167,61.67644245765291
253,Harmony Mae,58.53589904906327,65.4772789204576,48.715729223308855
76,Winifred,58.519523013117706,73.04858602923171,80.93631667739581
135,Theodora,51.889337848550404,34.72269205253501,76.45981606398061
274,Cocoa,60.10399070532872,61.30775649328539,84.72801685475343
380,Fern May,61.29618012308366,45.72589559779915,59.45129867788923
15,Hazel,59.87951108850248,57.17177428117247,83.0274258777744
287,Pepper,60.59217533689538,70.22924116270181,28.306458343693116
230,Kismet,59.99348673003494,59.343397602965254,99.06315715984539
285,Nutmeg,59.25294591971391,52.12071703519924,38.82989067697795
383,Ivy May,62.18073054264666,78.25815040204643,74.00557285283818
414,Nala Belle,59.73800308513205,29.58836803692839,56.127973476320406
416,Pansy,60.457930689024124,96.62885445770263,48.14920359261788
171,Dahlia,72.59713164117723,65.77865742177008,17.153754461222654
96,Harper,58.968589474798776,78.50695849265337,59.00737407126234
244,Yara Belle,60.082901940126455,53.6076879166921,21.309581602815385
31,Lola,58.339934819859536,38.747891471850764,33.427134761395976
397,Willow Belle,53.42261165161923,50.36619040574476,11.607689919523786
415,Olive Belle,63.86861269662682,57.727246219833184,0.0
405,Ember Mae,60.638801707981585,26.45611560596079,19.147446298770948
177,Jocelyn,61.110160746433706,33.33026658474567,23.408351652743086
356,Heidi,60.75489587201782,46.842241593169305,0.6766694672996536
260,Olive Belle,60.37045384110168,42.04757332687934,15.485333211369912
252,Ginger Mae,64.68259373446232,51.433048738374,20.00415306278976
240,Una Mae,62.84866202122648,62.219498468876,0.0
215,Vesper,63.18547921598815,36.19303842414891,0.0
263,Raindrop,60.68286692961188,54.406786016024014,52.83656055695951
307,Kalea,80.663742662899,40.545102880649125,21.822855938501707
126,Katherine,64.17556809062854,48.65330816802922,21.868079816249026
297,Angel,68.79636493564662,24.596859033446556,7.771587973016459
30,Sadie,59.94811256582831,62.505885498879934,14.678608600970101
342,Tigerlily,60.781645019213876,52.27858094913863,18.878101698181
373,Yara Belle,66.50879342018456,50.30844745271414,0.0
46,Honey,59.52022912474457,64.55372302552236,5.477288364812608
292,Violet May,68.37491203748455,33.03447756254783,23.548194121686763
332,Joy,59.3544841822926,35.10671741055192,11.614157629266245
261,Peaches,60.217816791330954,65.07384481294129,6.556204035016549
266,Unity,61.2252811378112,56.91790136972575,0.0
77,Louise,60.00799398257384,64.46248484432049,17.305774433071598
37,Winnie,49.3163611738205,69.91645199428358,1.3813068620934246
130,Odette,74.93628105855836,44.57043446489498,0.0
52,Tulip,60.580051433630814,87.16989356911513,2.009997239864056
402,Bella Belle,75.8890461377163,44.61111782244515,19.48989101302382
42,Minnie,63.6599915414425,56.62009606347105,0.0
393,Scarlett,74.42746323676586,37.677852339919575,8.844825410406465
248,Cinnamon,65.47527306406158,36.13545623121204,0.0
338,Peaches Belle,59.50630701869202,43.522062583696616,45.95590135962522
236,Quartz,59.75463273382294,84.42941047293631,0.0
217,Xena Mae,63.31815962481133,51.258195943858645,19.70146529511383
361,Mia,58.1082362502531,57.121750132798766,36.48849661155864
389,Olive May,47.718015023174324,55.39981803628434,29.567240893017406
370,Violet Belle,60.82869630103708,51.556741799088954,25.342202352669247
102,Magnolia,61.62516898026109,62.01962941348763,7.921143474914004
90,Lorraine,60.68134723057485,41.92719695724919,33.94115951652263
144,Calista,60.52507954441933,50.3227472150202,21.93261941696714
89,Henrietta,60.87075522796658,71.33400515026405,5.369201067481448
255,Juniper Mae,65.00424060015368,45.06312204484164,0.0
371,Willa Belle,64.25888331507133,57.11091000483052,41.55773205838507
243,Xanthe Belle,59.53147781898988,52.83174339089065,40.75104133755657
85,Ruth,59.416014540881555,46.4995888984505,41.67141222258546
390,Peaches May,59.574722325094136,51.249157965325615,29.520965294895742
27,Lucy,52.603414012679885,54.108592022089795,22.37862459932193
163,Valentina,76.40941628983384,66.1467384369339,29.40240527106997
201,Hera,48.78782790357777,34.58736981768503,50.31917041608622
345,Willow May,49.48257748344885,60.780298611318436,34.83927764157668
379,Ember Belle,47.035416124278726,66.38329070969607,24.639262701125016
71,Esther,59.472477206214386,67.52946665304624,9.616408691364825
36,Rosabelle,60.984320855745906,50.69322500573311,4.744572594701708
94,Dolly,57.791042891951854,77.27505490691159,27.76148907866112
391,Quinn Belle,59.746946423638015,31.07044947808748,59.549453918712565
97,Harmony,60.67331986280968,62.99988434845748,25.832220196136294
223,Dahlia Mae,74.14154856078356,71.78111531117545,11.52322953465346
165,Xena,53.74050428963266,46.995955244375274,7.41370768225957
158,Quincy,60.40455462491599,53.66722904019161,46.49556087716784
337,Ocean,60.18789712070184,62.34012421985491,32.075803377257884
207,Nyx,67.42763424488253,68.68255100356869,19.03778479137982
50,Martha,67.92828578267448,76.88467950951102,28.50151088703295
367,Samantha,59.46798052234715,73.26261223228299,25.95943300139085
280,Iris Belle,59.96482131020851,39.14508241656667,42.32588377270336
340,Ruby Belle,59.20293175136083,20.536375087266663,54.72755380525175
277,Fern Belle,61.35808945425554,93.01703000749932,21.493692509974903
381,Grace Belle,63.26401134946761,57.191296553654006,46.46916687817712
349,April,59.72285566231108,67.31448572797578,32.71759918431782
282,Karma,64.90961206156747,59.64112922069104,32.60952815841711
6,Clover,45.7250714571783,64.32448459514626,51.86477637845585
4,Bessie,54.16960146537207,45.22980443010643,65.83556781226909
298,Bubbles,55.88205478765594,36.499189047542636,65.14729604646709
309,Misty,59.98738936305683,57.684597054142834,25.037989182272845
318,Violet Belle,60.79270657077266,59.37452163062571,17.390075351307573
396,Violet Belle,61.104006489480845,36.07862824700379,35.171432034743646
228,Iris Mae,60.38115691259502,38.7037929108095,64.18035659020902
84,Martha May,59.30567786142807,38.189278320562465,62.1395140440342
56,Betty,68.26179394238282,63.37214024756427,18.78572691868777
156,Octavia,59.347955138487,56.840577681828115,59.49820912662032
315,Sky,74.76352463283078,78.27937134906611,26.390064946713814
54,Fern,60.09360437885987,58.61475926275843,24.9690887382335
256,Kaleidoscope,43.35789431898421,51.67879257062775,59.20861935349502
358,Jasmine May,61.11430593132934,90.74095659791286,4.255439917767674
225,Fern Mae,58.790015952721006,47.01327603777952,41.09097666912308
134,Seraphina,59.68023793527731,46.952592952206444,37.460697623584096
334,Lily Belle,53.860366390549736,55.14840957693126,22.843629417852917
128,Miriam,59.57715079715839,63.276072057220404,39.740317769883426
249,Daisy Belle,58.49176272099478,67.2331194422952,51.477786259373474
98,Iris,45.87420994656685,87.9009841621885,18.20419794023262
384,Jasmine Belle,57.98987166112925,47.2373941804047,50.625622569234515
324,Buttercup Belle,60.89057696151835,34.72774510558999,49.300251287929015
202,Ivy,57.576248182053526,47.51976628978943,72.30880662309471
187,Thalia,55.30178211287438,64.90390184998286,46.209972283928956
257,Lavender Belle,59.807578112332294,81.86807472897398,15.618533889861986
219,Zephyr,75.2703624340245,52.0732575974998,33.41197235602148
403,Cassie,59.54341881649617,34.09825402129121,48.735372461738535
406,Fiona Belle,67.60887468205149,72.13547284491622,43.529214416016046
142,Aurora,59.08306923370191,59.17527732937505,67.13559405579488
319,Winnie May,59.063173772240965,63.90918675510493,56.841696987854235
195,Bellatrix,53.966560651804144,82.32097465257581,27.086028146669253
16,Freckles,73.7977481884885,63.79436526879323,35.369430223693115
351,Candy,68.22125064411718,59.370860960719085,74.42555645829133
354,Felicity Belle,43.9558778602659,53.72473906123638,55.41818738776739
131,Penelope Mae,69.88146698608382,76.2531245435389,28.933718004613617
183,Persephone,60.51005639298328,74.80241744432244,22.215255503030715
265,Twilight,59.22488357874064,39.51616923372423,44.50802778887333
200,Galadriel,60.07600162019394,42.19321434861574,77.08276367147224
112,Wendy,58.96171831548752,59.06253932593988,73.77893511511023
325,Cinnamon Belle,61.07805073651962,83.4961950668573,42.662839940714186
18,Dottie,59.05291456827244,47.51372125251256,62.74886744314247
328,Faith,59.51472568867726,37.74582028211946,66.22478681736968
173,Felicity,59.38589524669473,56.9281133113583,40.98332148826616
198,Eowyn,62.44755284990712,60.339957603834854,33.753344564485104
51,Greta,59.16033537592612,32.090882108066346,100.0
409,Isabella,58.18058589066199,63.726957545633,61.68529227270035
148,Gwendolyn,51.16851299960803,57.95977542748649,62.763865043904985
25,Lily,50.60265836423226,43.75727483351417,67.39631608750503
186,Sabrina,61.17603596247043,49.12535997781971,56.16262735447586
317,Utopia,58.81677922282342,37.58474659067819,62.73102323906643
92,Prudence,59.61274900059514,77.6110375691241,16.964836003282628
65,Gemma,63.62518736025522,48.56560223673411,41.358168167645324
161,Tallulah,60.722687679940925,31.060658941610665,94.24673690282782
413,Misty Belle,58.85604034422277,76.2958619443438,43.444412548880564
167,Zinnia,57.39766083411537,33.628742869620694,81.32026840070057
420,Tulip May,56.76527583939384,67.08029843346915,43.43426081930175
386,Lavender May,59.095640283093786,42.190332033363525,100.0
347,Yara May,65.19856644926132,92.03541361693286,32.07053580691137
411,Kitty Belle,60.5396464607667,34.141133385632834,86.31479617908425
238,Star,46.449179144905706,69.51628168061409,43.74397359810099
162,Uma,59.444625968233055,48.527699066663196,60.039566322031334
8,Rosie,61.47746145958923,44.03883503205544,60.83725175609225
368,Tilly Belle,55.00907075008194,59.57710118557971,40.158636494605034
79,Bonnie,43.07989458567202,30.565443154259306,62.969411620993355
209,Pandora,60.85809217541834,79.4287606385687,59.45635231930545
172,Elara,54.52090790500156,25.240758543587788,100.0
241,Violet Mae,62.8463131545891,66.43767930854578,83.19078492969925
70,Ida,58.59740955089361,65.28752739035014,66.91992448956634
204,Kira,65.01107608325532,77.93250325049078,47.03755901577599
138,Waverly,59.70485478952952,81.6630467375143,34.56253840356732
28,Charlotte,62.40259796353665,64.80346502019319,38.726241568837295
374,Zara Belle,59.1646205688656,72.81367879528298,78.53555805338056
95,Gladys,60.6535679564216,73.51263129434454,51.15944957964427
221,Belle,59.526075374683785,45.72567465136552,66.95338159083224
49,Juniper,46.261144644584945,69.97251675048756,39.341617018442115
310,Nova Belle,60.58590228514454,69.40053623830067,73.69677834658361
352,Daisy Mae,57.89710103857596,66.13850657733627,52.75976059746103
385,Katie,57.304737171522625,65.28042266290015,44.741786867929505
185,Rhiannon,55.43940279487845,65.34817634717147,67.23599450376925
22,Clementine,68.53907735321951,71.48497963089162,54.39456457684616
146,Evangeline,58.3156675992627,44.94901909135657,71.0477725744291
160,Serena,46.40847031094065,72.11777004788676,93.73423125138618
133,Ramona Mae,62.60304948323308,72.58348213683081,47.22545831209767
271,Zara Belle,56.88917098014996,63.482840010391705,52.48133991718692
294,Xena May,59.473941624443576,89.70631829996944,19.302116184787142
289,Rainbow,61.39981863718779,80.41578987634097,63.07053977352753
132,Quinn,65.24024193059807,90.58161471001198,84.23940177250341
179,Lavender Mae,69.29062404182636,76.87763084388338,88.81613331216437
312,Pebbles,59.30518561203522,71.28248556126378,66.4355955105053
395,Ursula Belle,58.296825060395605,59.49005805168687,71.41447896866025
259,Nala,40.74301534152697,72.75859223488291,46.34167829929327
105,Patsy,55.53031979604098,96.0613430020667,62.523800388958875
220,Amethyst,66.54373959514469,57.41440833518247,73.02536624280881
124,Ingrid,61.40200407511937,45.39640852627296,100.0
199,Fiona Mae,51.01119628458844,69.19630185132162,55.02620663829805
284,Maple,69.40132793901368,87.06700948403932,93.49596965419619
300,Daisy Belle,61.224152607330645,57.83491791184944,100.0
326,Daisy Belle,60.39496845669209,61.15860798937647,71.16582932709801
264,Starlight,39.455079480899194,77.5456155023681,60.33637488396256
45,Delilah,55.97802914598416,59.995354467135726,59.887233108014826
306,Juno Belle,60.8310439668448,59.38087187196515,100.0
107,Ramona,60.89348101341863,73.92408518221447,82.56157666971049
155,Nova,59.33420804637694,56.65189528942852,74.75974166519512
