23,Poppy,66.42417919040115,84.36899961993903,100.0
308,Lily May,63.215247587578446,90.83511463601388,100.0
64,Flora,67.52338783075585,86.00232729833283,100.0
284,Maple,68.59179563903223,100,93.49596965419619
12,Matilda,59.609108518501664,98.66237359977929,82.42398093268879
224,Elara Mae,63.33719363726006,100,69.60176582284927
132,Quinn,68.46184452013851,89.35419385352397,84.23940177250341
350,Bella Belle,63.931962384791575,89.3203106512068,76.7772766172232
278,Ginger Belle,71.15442943913237,95.27139410843245,76.94190767875007
289,Rainbow,60.688162653652896,99.25989164032356,63.07053977352753
100,Kitty,60.413331365312395,63.223340012909674,97.79374802628925
57,Daisy Mae,59.754634207779475,100,58.528285781907265
129,Natalie,59.618916271890285,78.58280174159648,86.25910683365714
331,Ivy Belle,60.84738485167396,66.0728996193095,87.07919241392312
141,Zelda Mae,71.12929791685168,66.13106072227366,87.25394864866774
378,Daisy Belle,62.089008472916184,78.27539240929741,80.42382997193312
179,Lavender Mae,65.87456846446011,68.28585606299612,88.81613331216437
222,Celestia,46.02617324877175,79.52401342766723,67.47862863190866
110,Una,60.31833005359545,69.03114691340114,91.95578198280276
170,Calliope,58.71382799802984,67.6591314980205,78.24874768844333
39,Phoebe,68.15696398800493,64.32272569726179,93.48674699317641
269,Xena Belle,61.18074774785561,59.87356610823889,100.0
250,Ember,58.52433026749269,68.8181034598311,73.96190964377153
101,Lacey,58.31189026732704,54.36069033189728,85.37359925655221
15,Hazel,58.775288488537946,58.833880006446165,83.0274258777744
76,Winifred,61.24772500746786,68.37694656252089,80.93631667739581
310,Nova Belle,58.45376974294646,86.4221587940533,73.69677834658361
59,Eleanor,60.045566536996034,72.71861127924193,83.88839997417709
196,Cassiopeia,60.15868215004948,61.56029971062363,75.49006273806116
120,Eloise,46.61075479415236,76.05132401786832,57.777984981208206
161,Tallulah,60.94326986205013,39.43262662011226,94.24673690282782
44,Georgia,62.932121845143605,69.0826033268387,100.0
374,Zara Belle,61.17110797818749,64.44820312338224,78.53555805338056
228,Iris Mae,59.624221831212544,69.57106362828335,64.18035659020902
114,Yvette,65.01860866303191,62.6268245986347,100.0
99,Juno,59.09695597657509,66.70861780132756,61.29993186726804
398,Xena Belle,59.391357264430255,75.9336110953477,51.80758664108431
106,Queenie,60.433932951153544,82.72656243199015,85.81188736729314
94,Dolly,58.41171151327643,100,27.76148907866112
300,Daisy Belle,60.51230346123183,50.15623804828355,100.0
218,Yvaine,59.1763207707848,38.79342226704246,84.31000082936953
103,Nancy,59.2644454363097,56.2341149723958,65.84583171002089
241,Violet Mae,60.2711874015833,80.98452189541341,83.19078492969925
316,Trixie,59.939643304734744,69.48122116502134,61.59851206549226
383,Ivy May,60.96016450248655,73.12504753860199,74.00557285283818
34,Millie,56.03051182634706,70.49111948633974,46.2008766368871
304,Hope,60.869089671953205,92.39092268642615,38.6102430672202
124,Ingrid,63.00603862360481,57.10339065045203,100.0
197,Daphne Mae,60.1717131736292,46.2078201881547,94.54234477676545
159,Rosalie,59.259919492182526,89.80222922947746,20.898935320976243
58,Coco,60.42752249455402,87.42194139991905,61.67644245765291
20,Ruby,59.708634138415405,56.683833596167595,69.68823671458182
348,Zara May,61.72021611881181,97.52861326523333,55.771206651915946
311,Orchid,60.1861494847499,83.03051674962516,24.16235889112957
306,Juno Belle,62.14233192678253,53.31271803933857,100.0
293,Whisper,57.814164644903485,39.52362589047771,80.85638045574863
313,Queen,50.8164425661353,91.30371870687425,50.20795771193847
380,Fern May,59.780591290291,39.849561993436204,59.45129867788923
409,Isabella,59.47484114711934,85.04742177827119,61.68529227270035
359,Kara,59.76405277926647,37.801071840727175,100.0
263,Raindrop,59.72012236891516,43.1812383494805,52.83656055695951
326,Daisy Belle,59.45400579277209,71.28507737077938,71.16582932709801
329,Gloria,58.099166756597654,50.82657286350733,80.04798167201045
273,Bluebell,60.44008962430307,48.23516819325476,42.899831224959705
61,Zelda,49.60816144343527,93.12420468327578,47.11504523133881
223,Dahlia Mae,70.44904644804684,71.04677464639879,11.52322953465346
382,Heather,60.29044521592227,93.40921831955478,62.12512525672577
89,Henrietta,59.857275069185384,75.66695458501238,5.369201067481448
352,Daisy Mae,58.7806752337078,88.88636686827081,52.75976059746103
154,Miranda,55.39670944663253,4.882427255406473,68.74326646130689
142,Aurora,59.211394992905724,51.913614746205425,67.13559405579488
403,Cassie,60.48218369762978,17.933612291765115,48.735372461738535
109,Thea,58.44515937796129,43.49905133506666,86.53163508648117
402,Bella Belle,74.11980916503677,35.932774785075075,19.48989101302382
249,Daisy Belle,60.450522472521364,77.57385408858538,51.477786259373474
168,Athena,61.889395573276104,33.33923283677876,16.48477173283078
199,Fiona Mae,50.831308193611754,69.70059056227679,55.02620663829805
215,Vesper,61.74833133690458,39.184663718822804,0.0
11,Ginger,61.27144425290114,47.91832638019512,10.766411349424544
343,Unity Belle,60.73593769716109,50.98352863836546,15.36187343500719
80,Edith,59.250370779183314,40.29349938562173,27.950803222197695
147,Faye,68.23942359691968,37.65229584427097,0.0
375,Acorn,59.472895389186185,30.580966565445394,36.53211232538775
67,Harriet,61.075337268639935,28.380396291026905,23.86478980938031
63,Gertie,64.7086649055612,22.698364874690064,0.0
344,Violet Belle,60.70820060109714,6.499731818534589,24.486632464815237
177,Jocelyn,60.267468352234786,30.180284147826892,23.408351652743086
365,Quinn Belle,60.6075425596809,82.32626082819077,3.791541369162779
334,Lily Belle,61.03738007935607,18.81401807246862,22.843629417852917
8,Rosie,60.66622477601688,24.11311680256068,60.83725175609225
169,Brielle,80.78450102611087,71.6556082495683,3.385035494074316
307,Kalea,77.93055482909872,36.55833600703597,21.822855938501707
258,Meadow Mae,59.87205908825013,33.96709438127013,46.29540999299665
248,Cinnamon,63.26508380368811,37.038108158951935,0.0
201,Hera,54.45584181031207,36.58615651103389,50.31917041608622
234,Olive Mae,59.9682911125095,58.81698706033497,17.05893551177852
82,Josephine,60.70457811761564,32.22310513766759,42.954418352005376
391,Quinn Belle,60.772542830463614,8.202383729987378,59.549453918712565
216,Willow Mae,60.4368856717139,49.420025370598196,0.0
43,Olive,59.74955143820991,47.21428886866975,34.546375336127326
219,Zephyr,67.88414533259349,47.16063111467705,33.41197235602148
27,Lucy,58.905691332509875,52.54496852881829,22.37862459932193
165,Xena,59.70092003282603,30.918794231734395,7.41370768225957
266,Unity,60.0349133370258,19.5785823310941,0.0
150,Isadora,60.562605395541134,30.396608346771384,66.69281074927311
187,Thalia,60.20576347341614,45.63376657116889,46.209972283928956
102,Magnolia,60.609172493828495,61.09670966371164,7.921143474914004
408,Heaven Belle,61.27252567772087,27.571862845283682,27.277996043903663
9,Luna,60.40003084479083,39.76644981403074,0.0
29,Stella,60.28723353764152,20.408525728463488,77.16827856008821
225,Fern Mae,58.44374020191349,46.87647584031158,41.09097666912308
45,Delilah,58.25927917390032,27.262006805768845,59.887233108014826
393,Scarlett,71.41853010267559,50.06856404836299,8.844825410406465
415,Olive Belle,60.8371628586518,51.419052329465465,0.0
332,Joy,60.67897065509931,28.949259667055152,11.614157629266245
345,Willow May,56.48107579448768,48.91639117172058,34.83927764157668
381,Grace Belle,61.577256135898914,44.8602003696862,46.46916687817712
244,Yara Belle,59.72300834298918,65.49914042062247,21.309581602815385
355,Giselle,65.77959337235268,43.2292899063377,0.0
242,Willow Belle,59.501249354460725,82.97561826767172,18.83247961057288
385,Katie,59.55582451130542,44.18759811530869,44.741786867929505
108,Sable,59.85945697368775,61.29378610744159,24.028749779808063
275,Daisy May,59.36602918756616,36.36157645912807,36.64221923821166
296,Zara May,59.88629139890527,44.17567344145732,14.432529818277473
119,Dinah,49.88446128837201,51.308553598000096,57.0831509441794
122,Genevieve,45.96186129711594,47.65315584497383,54.014256856812516
271,Zara Belle,59.918458070980776,37.84572701168119,52.48133991718692
231,Luna Belle,62.23055093900206,75.01841264095839,3.8812457744695905
322,Zara Belle,60.27021561034945,52.254443464036655,6.598876689954899
420,Tulip May,57.40155997955872,61.8041474686705,43.43426081930175
7,Holly,59.718064030450215,59.62376998568196,25.805711651208018
288,Quinn Belle,61.23164230449277,38.65941766185715,3.147774877120497
280,Iris Belle,60.88075377919325,58.6029471431703,42.32588377270336
262,Quinn Mae,70.88225423649888,75.89490741534635,19.78591231230141
417,Quinn Belle,60.17021107527107,42.66755499349741,40.83631528008176
79,Bonnie,47.59337892015397,0.7561043661621492,62.969411620993355
283,Lily Belle,79.39725167551983,28.134278636526933,33.59568354204245
157,Primrose,58.49952267782193,66.72958652978365,45.059270258595305
72,Nora,59.45286543033185,59.16498183295492,42.14626063965063
5,Clarabelle,49.59237903274027,30.488592479040953,55.48211686657087
112,Wendy,59.46965404994239,38.842224654236944,73.77893511511023
78,Agnes,57.741892546362884,45.63229892320249,55.47399935075492
189,Vera,60.68256170885196,39.09536504617135,51.05602499834644
368,Tilly Belle,59.304548754191195,45.12566084584488,40.158636494605034
90,Lorraine,59.500709337949225,39.36550994165684,33.94115951652263
333,Karma Belle,55.20298497111561,50.83136831012422,54.434099157928024
361,Mia,60.144930662771074,57.662746555914964,36.48849661155864
389,Olive May,50.04934955432794,50.391073402026194,29.567240893017406
396,Violet Belle,60.65385164327656,26.486183878511664,35.171432034743646
3,Buttercup,59.62466228078689,26.793853989138533,84.99274923222447
30,Sadie,60.27408752618601,59.598688429693276,14.678608600970101
50,Martha,59.50243351368352,89.05852447355964,28.50151088703295
387,Mila,58.22366777460669,77.14786243800938,25.74279224472561
118,Camilla,58.926782238975825,37.19133776115991,71.23725420933042
411,Kitty Belle,59.21596140559987,10.176744242411633,86.31479617908425
328,Faith,60.10638769352626,26.304815241330772,66.22478681736968
351,Candy,63.48468548455858,58.682864487947995,74.42555645829133
377,Caramel,79.76702163645706,98.59572334817905,25.05239339858086
2,Daisy,58.92650620461965,100,13.52894977654524
336,Nala Belle,58.275789836183705,51.59143432177526,49.966403303121105
144,Calista,60.46768902894656,65.17204386004359,21.93261941696714
188,Ursula Mae,60.20881750195207,79.05946304940748,1.4169724317606054
217,Xena Mae,60.74136088535046,54.48922518938284,19.70146529511383
312,Pebbles,59.24408440914582,62.888241486531975,66.4355955105053
38,Beatrice,58.62089353309593,58.5693054070725,65.50010887472308
166,Yara,66.64077965396068,32.302589384773654,81.61806503634088
213,Tara,59.31628194865645,26.24441020314909,78.19061911754267
202,Ivy,58.386686022364934,29.78774848903614,72.30880662309471
53,Daphne,59.97647103067433,37.36847627137766,58.52341324317557
65,Gemma,60.5245882236896,49.28055435262202,41.358168167645324
198,Eowyn,60.14805346436885,53.55931702250205,33.753344564485104
253,Harmony Mae,59.31401716424694,91.96520285521044,48.715729223308855
406,Fiona Belle,59.72345198658592,80.58758402814821,43.529214416016046
151,Juliana,57.79367725299736,74.03215187131504,45.21506791974581
54,Fern,59.63331930226768,86.67240743456878,24.9690887382335
192,Yara Mae,59.84956101355203,48.33763586341912,41.17768050664687
75,Adelaide,72.79026471334495,46.04206058203579,34.52114947546283
96,Harper,58.14353290460724,75.2691780204174,59.00737407126234
413,Misty Belle,58.65367297805102,76.71659959492004,43.444412548880564
290,Sunflower,57.30931856936148,88.5578901935889,25.575503882813127
184,Quenby,59.14634393020482,49.33628075068971,46.82625898569183
48,Delia,62.95070949114502,71.972275225611,13.824862151210986
272,Amber,59.553618985894396,77.9188484489531,61.25863738923675
146,Evangeline,57.94300717925406,62.18306078876229,71.0477725744291
205,Luna Mae,62.93693180044426,49.91787734519412,78.40569668770323
295,Yara May,59.446975816711806,35.9188909402241,82.50003901686537
172,Elara,54.77982184040166,13.198324807541523,100.0
384,Jasmine Belle,61.03901659538891,39.68054218519393,50.625622569234515
84,Martha May,59.50620791882891,25.132516889930763,62.1395140440342
107,Ramona,59.10532820974614,58.46101215287332,82.56157666971049
111,Veronica,58.9459521353637,78.62006071193028,49.66613801050426
354,Felicity Belle,45.62682559372597,61.666646392368996,55.41818738776739
133,Ramona Mae,60.097302384671586,66.3444184109622,47.22545831209767
317,Utopia,60.356923361532466,44.080220468005834,62.73102323906643
137,Vivienne,60.97703318087783,55.81919578746386,40.71937867572966
37,Winnie,56.66747494412198,90.90190115879095,1.3813068620934246
349,April,61.01952367113727,54.40812915544988,32.71759918431782
70,Ida,56.20815497879032,72.2961055200627,66.91992448956634
155,Nova,60.101087670404986,58.35495255301793,74.75974166519512
148,Gwendolyn,56.195031815811184,67.19573882556159,62.763865043904985
135,Theodora,52.01164628469543,46.47893110169967,76.45981606398061
376,Bella May,44.42286073083543,66.96511073119541,47.799958689618705
51,Greta,60.15703281964967,42.07265064908451,100.0
104,Ophelia,59.60192782556689,80.12422190852502,48.99375351443238
203,Jade,62.72764359249485,55.48525457399863,51.06688287935686
399,Yara May,59.754126902491485,88.9553010693168,13.82461071959603
321,Yara Belle,47.72670431818063,75.4197133740653,59.61092524687037
210,Quintessa,60.054762017954445,60.149141452789706,70.05771480782352
87,Tilly,59.45329540089502,59.61078094858366,64.75540038248161
62,Rosie Mae,59.25363377298504,45.394804669128156,72.02024036451519
412,Lavender Belle,60.93907202295139,41.11701550129853,69.6838186607624
123,Hannah,60.433363126105874,66.33368402303566,31.42036942324798
74,Willa,59.464892432527876,71.83699294647552,52.45731274570316
16,Freckles,63.594469431765354,72.90925631120032,35.369430223693115
40,Violet,58.97996582423429,60.208645401990154,43.20772383101649
208,Ondine,72.53534483269871,47.006910104997196,100.0
341,Sapphire,61.086846528459866,33.63124172495955,100.0
162,Uma,59.09754794516877,61.895932126056636,60.039566322031334
371,Willa Belle,58.56694343739781,71.53308388978743,41.55773205838507
25,Lily,57.73276775576692,41.22979023322797,67.39631608750503
418,Rosalie Belle,61.13316236657019,94.4650483752376,59.39709289252882
320,Xena Belle,62.05882552641847,77.55444662854995,68.33565059190789
28,Charlotte,59.22697308624874,73.82074703786843,38.726241568837295
22,Clementine,60.93243791336369,48.55298308735019,54.39456457684616
360,Lavender Belle,79.51821834197422,84.20262762865617,100.0
369,Uma Belle,61.83224718313998,91.473079562618,72.5910935693526
105,Patsy,60.28133534263212,99.13556478993267,62.523800388958875
33,Elsie,60.542934442983324,65.2258127315793,88.36175572652343
116,Abigail,47.95906625528684,48.74855870670637,75.59046550149935
167,Zinnia,59.07636848266729,36.85668373040852,81.32026840070057
117,Brigitte,56.59054917232826,68.16944410715055,43.94085861133597
230,Kismet,62.688979357922854,71.95739362395773,99.06315715984539
392,Rosalie May,61.057833522208114,53.240618432596285,100.0
363,Olivia,59.244471240642206,57.96008113329976,87.82839956076917
410,Jasmine May,60.7714721297399,50.54298331575456,77.78206115219615
204,Kira,57.31722640312616,67.42486304636051,47.03755901577599
195,Bellatrix,59.0119442432417,86.19772161885312,27.086028146669253
17,Petal,65.17526927274722,71.00865913875515,100.0
347,Yara May,57.82824896279087,97.99483235062898,32.07053580691137
239,Tulip Mae,65.60757113645515,93.07271090480361,88.50945447616668
404,Daisy Mae,66.3935657172664,85.01254115080124,80.82726400095856
13,Penelope,64.23699394704558,62.14045942588763,100.0
229,Jasmine Mae,61.2521053845604,78.89199319757458,68.15093426404738
232,Meadow,60.11589676334484,61.463033860064456,80.33564097704574
291,Twinkle,73.61913194666431,71.80515026750011,100.0
339,Quinn Belle,59.437266112827814,94.24855058751044,58.3443966010704
226,Gypsy,62.50676229102868,79.94772808886934,86.24318177382722
386,Lavender May,58.98486132848241,34.367258772968285,100.0
175,Hermione,64.51546145495996,80.17587168972713,78.76899887271583
41,Maisie,65.07050539632425,76.50108113569202,74.70516656324033
353,Ember Mae,61.23724134306229,41.4617056657349,100.0
286,Oreo,61.64933397063616,51.557890196333716,87.19711100544703
221,Belle,58.869563792253004,65.29688382707685,66.95338159083224
256,Kaleidoscope,47.05848887783926,65.96140815042806,59.20861935349502
91,Maeve,45.89219859805593,85.95873636722798,31.03826692613989
235,Petal Mae,55.89395713837555,69.66479534840406,50.59313505325972
95,Gladys,60.40809406685088,58.21694293261397,51.15944957964427
390,Peaches May,59.57885056416942,76.09042890240097,29.520965294895742
302,Flower,61.06759831354776,62.42066316376344,38.10144918003114
56,Betty,61.554448338789406,69.85795763355708,18.78572691868777
52,Tulip,60.63594060193492,82.42705644574173,2.009997239864056
97,Harmony,61.117754175583215,58.542288719574195,25.832220196136294
370,Violet Belle,60.091506630488226,46.507291687479466,25.342202352669247
373,Yara Belle,63.09323212742172,64.73540663262877,0.0
81,Imogene,60.88670894460428,39.783702478239974,16.87390728369757
180,Margo,60.52227870257595,3.6795734206118844,24.31661590355249
297,Angel,63.73933141433808,25.191519104014713,7.771587973016459
252,Ginger Mae,61.65529755002067,46.23751156052356,20.00415306278976
414,Nala Belle,60.21797992908973,8.084150752183639,56.127973476320406
356,Heidi,59.697193030634125,36.14479246088434,0.6766694672996536
24,Jasmine,60.39206650912557,0.8283774986567738,29.691852285351487
397,Willow Belle,60.42200415690238,59.07981636134446,11.607689919523786
145,Diana,63.56205921556205,21.594709079645995,33.34190354647399
206,Maeve Mae,60.484598454435535,19.040577726510357,34.61049046781984
10,Molly,60.97115437959691,22.581364538401132,8.581105505706333
337,Ocean,60.05547209476479,40.3669684169934,32.075803377257884
211,Raven,61.118843376371196,48.250872298402484,0.0
35,Pearl,60.83781369971813,49.965204149253026,34.254133574949975
309,Misty,61.426587233991576,46.94084647574366,25.037989182272845
126,Katherine,61.617349620900725,32.80290929785875,21.868079816249026
243,Xanthe Belle,60.64652414072954,43.72947349589977,40.75104133755657
265,Twilight,60.46088867177304,31.859606914752902,44.50802778887333
233,Nova Mae,66.0984059181368,63.21818220079111,0.0
257,Lavender Belle,58.55076085511335,66.53733159271462,15.618533889861986
212,Stella Mae,60.507345471795425,75.85147257566075,0.0
419,Sienna,60.1239856483666,34.78265858707623,0.0
285,Nutmeg,58.53875950250582,45.75351461122027,38.82989067697795
31,Lola,59.600797834143066,48.65659819120991,33.427134761395976
130,Odette,74.08120592020538,56.48236885123709,0.0
324,Buttercup Belle,59.95578493163957,38.21194689026059,49.300251287929015
340,Ruby Belle,60.756852689938384,25.50168134016723,54.72755380525175
261,Peaches,60.18944785003209,56.44176321589573,6.556204035016549
407,Gloria Belle,65.63009346490165,50.61228800849877,4.960921172618185
299,Coco Belle,65.24403020293127,41.38710637204633,0.0
92,Prudence,60.608173732489746,72.41190459691842,16.964836003282628
113,Xanthe,59.88565331138168,50.46577805099055,31.53581355452371
190,Winter,59.76115042756036,33.24565493703794,14.924230035103953
401,Aria,59.04078640976162,70.26177777550554,29.97545317023558
26,Bella,61.022731383453355,62.56190133195931,31.330844031317223
379,Ember Belle,50.29970844247938,64.6782489517746,24.639262701125016
85,Ruth,59.86318598297609,41.435183412014155,41.67141222258546
240,Una Mae,62.31988351096994,69.87782374053542,0.0
42,Minnie,60.75245264951633,65.15294808233912,0.0
207,Nyx,61.76305117830953,84.49951284011664,19.03778479137982
173,Felicity,60.69918355700703,53.69885226325678,40.98332148826616
245,Zara Mae,60.45297099533573,87.72596897795987,0.0
163,Valentina,73.23082620557116,54.8676597859638,29.40240527106997
292,Violet May,67.73901231885364,39.70287311055615,23.548194121686763
255,Juniper Mae,63.965586909697144,35.171679651579126,0.0
68,Mabel,39.501051007650766,75.33697916255555,28.639046178983996
287,Pepper,60.54734989453868,54.512765778371,28.306458343693116
71,Esther,60.571999521431216,68.64182382747693,9.616408691364825
128,Miriam,59.461419987677246,66.33754116720746,39.740317769883426
358,Jasmine May,58.84125400413297,94.57861137931556,4.255439917767674
164,Winona,52.42420812127907,42.36438755484406,39.50909855234608
394,Tulip Belle,60.15155300560057,17.16854542885747,46.99644908153687
214,Ursa,61.33026210729826,47.34584984918065,9.93529163521034
405,Ember Mae,61.007974339098716,23.135014971703065,19.147446298770948
191,Xanthe Mae,59.11529942219829,91.30482430507672,18.430176481509886
323,Apple,60.31833024860946,76.06898443112271,18.92668971664962
134,Seraphina,61.12344106968298,51.39768773752175,37.460697623584096
36,Rosabelle,60.66772740504098,58.827920375961334,4.744572594701708
186,Sabrina,56.98958613442338,54.59236064231425,56.16262735447586
342,Tigerlily,59.60158011665878,43.27974317291386,18.878101698181
86,Sylvia,61.73504345459746,33.42856791271998,43.49961150814799
260,Olive Belle,60.1484609653151,48.27955821395734,15.485333211369912
395,Ursula Belle,56.36697254865176,44.81453309708324,71.41447896866025
246,Amelia,59.40694747700654,58.09834310458422,51.064332055366144
153,Lillian,54.46165181597462,55.266420215506386,50.01521986989301
279,Hazel Mae,59.12387001641126,30.578226607209118,69.46244013225625
73,Hattie,57.34433642450619,70.78232998502867,23.95723373524257
77,Louise,59.78205838072976,58.54375875349771,17.305774433071598
314,Rose,59.23212283174187,69.45179817032641,40.47138124964739
183,Persephone,59.59631704376429,65.20459005424874,22.215255503030715
69,Cora,60.475211933734116,66.75578723422657,5.721675567880197
46,Honey,59.52680892564841,65.21375711683285,5.477288364812608
21,Willow,54.717759485595955,44.116135611760626,55.77480390178067
66,Ada,60.154154131506125,62.2612797414499,26.47595633654711
367,Samantha,58.96710663576911,60.68625209310344,25.95943300139085
156,Octavia,61.20452268655612,56.015971674125076,59.49820912662032
93,Sally Mae,58.85304955419968,50.54338324663365,59.02006784161211
276,Echo,48.46206997569604,79.79766989059736,20.743299494994925
127,Loretta,58.91852083899276,75.48366181167944,19.880901206900113
238,Star,46.28042978975459,67.62191548957979,43.74397359810099
303,Grace,58.79089234664503,54.84567530302289,56.20330623245677
115,Zara,59.141784744994816,54.869336904181,34.535249441990814
335,Meadow Belle,60.323303104567785,61.31885232926288,19.47523582724499
152,Kiera,60.62096405500897,89.51437926026058,35.937992469871375
254,Ivy Mae,60.70009856456491,50.59114335542339,64.35836122310374
125,Josephina,52.86657050907311,57.25265794724145,54.031203654485644
32,Annie,59.41451583281413,81.1176792358513,22.738191203080763
49,Juniper,48.044044890198556,61.119064695240176,39.341617018442115
171,Dahlia,66.52614323827932,72.23360212201555,17.153754461222654
301,Ember Belle,60.45513996993251,57.51594258317477,25.147697336230507
176,Isolde,60.34395327185925,61.909191039270105,14.754022763006404
268,Winnie Belle,56.56663050012622,97.53147993687844,33.88653112230915
364,Paisley,59.4081195690218,82.94134624313843,33.806393195396375
200,Galadriel,58.282796900671165,35.204746361403814,77.08276367147224
338,Peaches Belle,59.329925386808156,47.20949356026732,45.95590135962522
227,Holly Mae,75.23999851107126,37.28588965465024,38.376739168508
305,Ivy Belle,58.130771852365164,53.71157697428381,84.29091128174394
327,Ember Belle,59.632253697005886,59.247658246699565,71.9302137439784
325,Cinnamon Belle,59.71429744091963,77.37559314224862,42.662839940714186
174,Guinevere,58.30797265766602,46.06442673520926,69.81785447053346
143,Bianca,54.921330201230454,73.36732838424325,35.8259926911321
400,Zara Belle,56.480759107971835,41.54875824012269,53.10304243145749
237,Raina,60.628724564271046,55.18843971752604,31.03886781510989
236,Quartz,59.36877307856563,82.5225747599972,0.0
319,Winnie May,61.11814604176766,85.12782872399386,56.841696987854235
6,Clover,45.768622898332815,79.48784951260663,51.86477637845585
281,Jasmine Belle,58.975304467412144,27.019830342818125,99.43826208035486
60,Nellie,59.82531766591123,62.92426937987017,24.917832326585515
264,Starlight,43.776916098597226,91.14109214146849,60.33637488396256
294,Xena May,58.37098471434928,95.17388498520685,19.302116184787142
366,Rosalie Belle,65.18803748277328,10.400460513702306,93.41409512175214
181,Nia,59.45577987939165,63.70413434512152,32.014312373863035
282,Karma,60.85742176125569,53.6866750323937,32.60952815841711
19,Pumpkin,60.74927809752267,72.93505863774728,71.28135316156802
372,Xena May,48.54059297558052,53.16184248817059,73.37820915990186
388,Nutmeg Belle,60.14882135086357,94.94341059461215,22.95690277417993
194,Amara,56.326718280475866,40.522082096310434,73.80678807548284
193,Zora,59.5614279812935,87.13422922770752,17.72984118298581
298,Bubbles,59.28818126076426,28.946357244849178,65.14729604646709
357,Isabelle,59.9176046959502,81.88231125625077,67.62296658551571
209,Pandora,59.5118399582915,80.14650404434697,59.45635231930545
138,Waverly,58.767606609284606,96.58983045171134,34.56253840356732
220,Amethyst,61.51234421407339,52.36214027919149,73.02536624280881
149,Helena,57.64930835327433,43.50608131692862,76.33973358237382
274,Cocoa,60.212909525942976,59.83671205516387,84.72801685475343
140,Yolanda,59.47062868599472,80.4308100123437,44.09717925472032
315,Sky,66.91845797026669,95.37370814367715,26.390064946713814
330,Heaven,58.852932179627096,49.087016770168155,65.36485530721502
277,Fern Belle,59.76704416847105,89.02166647924932,21.493692509974903
88,Tabitha,62.228641375861294,59.37776955898218,100.0
259,Nala,43.7807849921961,96.53122564820747,46.34167829929327
83,Lavender,60.39352727157247,56.1636672187158,70.3181508235252
18,Dottie,58.38682947525143,45.30245889081354,62.74886744314247
4,Bessie,59.04986799258756,40.20225578166553,65.83556781226909
185,Rhiannon,59.18360251912054,76.78495556679057,67.23599450376925
139,Xiomara,60.93302519292923,30.312621698537576,100.0
121,Frances,58.7667052618544,76.03044471934533,44.3811902292643
98,Iris,49.866033550938475,88.97540653296572,18.20419794023262
14,Fiona,61.469061081798856,95.66491584383884,62.433280941281716
346,Xena Belle,57.6547660873177,59.94109599699791,91.85173592469657
182,Olympia,60.039792795340794,91.85695869763933,45.04129195627968
136,Ursula,58.58046192163793,40.152947657762546,62.54099039497112
47,Marigold,59.14136916500228,38.26063696947773,67.40833981388917
1,Mooey,57.37745986258832,52.06906247149023,62.90021199141762
158,Quincy,60.273958383001045,63.486768815438936,46.49556087716784
251,Fawn,58.5790472823728,78.02343909704122,58.58965464723371
362,Nora Belle,58.96383647764065,92.5839038108233,40.498148130339096
270,Yara Belle,58.97751366406302,78.87058297998172,46.96844052241869
131,Penelope Mae,61.05743831092782,90.61364856744046,28.933718004613617
318,Violet Belle,59.56466136528728,92.82484150961405,17.390075351307573
247,Blossom,61.16243418271411,79.47714534890018,81.38329008170857
416,Pansy,59.97379904870149,98.3506236030764,48.14920359261788
55,Opal,61.48360822420892,67.97889275702177,68.90968519657295
267,Violet Belle,60.731185474313115,82.22647426397555,83.52461069033635
160,Serena,59.08746173512589,49.1285288881245,93.73423125138618
178,Kaia,60.85521407542923,68.41574761655953,46.41912251740441
