308,Lily May,67.54944378608607,98.87524313061971,100.0
278,Ginger Belle,70.86143201212465,100,76.94190767875007
360,Lavender Belle,81.40765344041982,94.37216759781738,100.0
132,Quinn,65.5419862011497,87.76501069557895,84.23940177250341
141,Zelda Mae,69.52594042927824,72.72459911804404,87.25394864866774
23,Poppy,69.66614483158396,77.06920885537407,100.0
369,Uma Belle,61.784149987341664,81.92251558939762,72.5910935693526
15,Hazel,58.81664298554356,76.91374184827845,83.0274258777744
300,Daisy Belle,58.93413659080107,47.746833964628294,100.0
239,Tulip Mae,65.15702343742403,92.41362281712232,88.50945447616668
374,Zara Belle,60.93162324743401,61.2665475210227,78.53555805338056
44,Georgia,61.04076721173993,78.5338133455959,100.0
51,Greta,60.718352408622565,35.56100297889859,100.0
208,Ondine,73.59641514172488,71.59333247840152,100.0
117,Brigitte,57.70999949320123,85.64018941468127,43.94085861133597
226,Gypsy,64.15708891297781,95.69238739853944,86.24318177382722
210,Quintessa,59.049448131299336,54.34983357236977,70.05771480782352
59,Eleanor,61.58850040075808,83.21728098372569,83.88839997417709
3,Buttercup,59.57988508559944,33.00173316864235,84.99274923222447
161,Tallulah,62.69506288199965,60.459452990654775,94.24673690282782
371,Willa Belle,57.04743963974597,69.79992889534046,41.55773205838507
111,Veronica,58.58047221080908,92.8924171778029,49.66613801050426
172,Elara,54.42085643539849,5.4247452483564444,100.0
39,Phoebe,68.67958078714078,68.20138107799545,93.48674699317641
140,Yolanda,59.59633935944437,59.17153079695566,44.09717925472032
327,Ember Belle,58.79439795344949,72.09718353100718,71.9302137439784
276,Echo,49.10482925691802,76.48568622216477,20.743299494994925
382,Heather,58.83894816671987,78.25105711010782,62.12512525672577
84,Martha May,60.64068622171407,28.709943735978086,62.1395140440342
74,Willa,60.86604463465438,91.32050697411493,52.45731274570316
236,Quartz,60.18359724686885,85.61635145237004,0.0
105,Patsy,60.911471276067545,84.40740982586001,62.523800388958875
311,Orchid,60.510076833142016,56.167108641777496,24.16235889112957
6,Clover,50.56761418934068,81.6614459551073,51.86477637845585
80,Edith,60.77553407483339,46.274557214263716,27.950803222197695
259,Nala,47.202724190419424,90.26542046952129,46.34167829929327
414,Nala Belle,60.21737539533752,11.117731431489478,56.127973476320406
319,Winnie May,60.55130218753136,96.23759816063925,56.841696987854235
332,Joy,61.310121367337004,49.56047634075562,11.614157629266245
160,Serena,59.32473645298149,33.81506093427882,93.73423125138618
342,Tigerlily,60.19326647108992,32.1198958470446,18.878101698181
326,Daisy Belle,59.11132992775309,72.21034695958252,71.16582932709801
24,Jasmine,60.92727123481794,11.809435659757469,29.691852285351487
205,Luna Mae,59.3828032782935,47.387644115654524,78.40569668770323
147,Faye,67.68397708534388,40.943341598020076,0.0
11,Ginger,60.608847759621526,41.22896716588912,10.766411349424544
180,Margo,62.86174337354211,0,24.31661590355249
343,Unity Belle,60.59039832834136,29.826734788025643,15.36187343500719
145,Diana,62.557136381785504,5.797914614283181,33.34190354647399
165,Xena,60.92297195058103,16.296114085390194,7.41370768225957
296,Zara May,60.77134157388549,35.97222055495219,14.432529818277473
177,Jocelyn,60.722063881742805,25.96562480028275,23.408351652743086
396,Violet Belle,60.11906828993291,16.262783505799227,35.171432034743646
334,Lily Belle,60.60946155574679,16.54966070791678,22.843629417852917
335,Meadow Belle,59.659861847701414,54.45755665718279,19.47523582724499
402,Bella Belle,72.76305278494871,44.961001676795334,19.48989101302382
275,Daisy May,59.68796510349473,24.40116639290308,36.64221923821166
187,Thalia,60.513882820453865,26.55324013060207,46.209972283928956
176,Isolde,60.20605373736132,38.07565654817671,14.754022763006404
27,Lucy,59.42102427942059,50.51174634106416,22.37862459932193
85,Ruth,59.750961350205365,25.890997658554774,41.67141222258546
214,Ursa,59.899609575923414,40.75455717716321,9.93529163521034
356,Heidi,59.94243012018222,36.86964204662096,0.6766694672996536
243,Xanthe Belle,59.21854838443301,43.759688133275304,40.75104133755657
53,Daphne,58.98515702372088,22.991558819530432,58.52341324317557
322,Zara Belle,59.52129103799377,36.72570286560526,6.598876689954899
127,Loretta,60.604777977221545,54.312193745819535,19.880901206900113
417,Quinn Belle,59.485284683642426,45.948260153358476,40.83631528008176
31,Lola,59.09734628500631,46.247479042721224,33.427134761395976
42,Minnie,59.82669425977625,74.51315107859625,0.0
375,Acorn,60.63823164190828,39.74852934409934,36.53211232538775
7,Holly,58.937121495803964,54.63574129698141,25.805711651208018
90,Lorraine,60.35961672952266,28.572058992307824,33.94115951652263
134,Seraphina,59.49095344751295,44.85456629971256,37.460697623584096
358,Jasmine May,59.703004011399834,75.67780523460992,4.255439917767674
233,Nova Mae,65.42456617986649,68.24498109063535,0.0
73,Hattie,60.306306438084164,68.82815806482304,23.95723373524257
337,Ocean,59.546689273405754,19.57323924746403,32.075803377257884
344,Violet Belle,59.94608071419055,15.57963749107574,24.486632464815237
419,Sienna,61.44546690591055,25.56714436961189,0.0
192,Yara Mae,59.51257304036175,32.69172019774966,41.17768050664687
273,Bluebell,59.355597146590114,43.01473958618689,42.899831224959705
89,Henrietta,60.26360057056132,69.45256004525508,5.369201067481448
393,Scarlett,68.8987173224679,59.50891617628407,8.844825410406465
81,Imogene,60.03446888230874,32.64235520961293,16.87390728369757
216,Willow Mae,59.710209869709146,35.418966498589626,0.0
397,Willow Belle,59.531169189508,64.71306658597432,11.607689919523786
349,April,59.7364928158926,40.60897078315386,32.71759918431782
75,Adelaide,70.16834912700728,31.75067115989372,34.52114947546283
260,Olive Belle,58.995520265820005,45.623401504208466,15.485333211369912
211,Raven,60.94707638727228,50.33787597665194,0.0
22,Clementine,58.54190093502615,41.68560321023606,54.39456457684616
65,Gemma,59.00009724164106,50.27067825455045,41.358168167645324
92,Prudence,58.65948471673855,73.33394239333236,16.964836003282628
158,Quincy,61.34413391626994,40.8582827916831,46.49556087716784
261,Peaches,59.33390504487574,73.32567876774462,6.556204035016549
285,Nutmeg,60.151615110128745,34.055575068601435,38.82989067697795
292,Violet May,66.67135261348487,27.764555103818385,23.548194121686763
246,Amelia,57.775970762967745,57.513466430941044,51.064332055366144
37,Winnie,58.86602483717713,95.44397025314507,1.3813068620934246
108,Sable,60.30442383047947,57.25398685844789,24.028749779808063
333,Karma Belle,58.07322827181019,38.60428391700359,54.434099157928024
234,Olive Mae,61.29892691659957,69.84234423175978,17.05893551177852
302,Flower,59.64932294825491,57.14294679482893,38.10144918003114
258,Meadow Mae,59.60137261594992,44.27395184019714,46.29540999299665
29,Stella,59.71020246771254,24.761744053009718,77.16827856008821
412,Lavender Belle,60.28825514789033,48.00840956063202,69.6838186607624
280,Iris Belle,60.08317567269104,48.0370062351877,42.32588377270336
43,Olive,60.4643189952016,46.09485458988364,34.546375336127326
324,Buttercup Belle,59.48642252081971,24.63894601547279,49.300251287929015
169,Brielle,79.48648268597626,56.116197388676675,3.385035494074316
401,Aria,59.65970531223104,67.29249541317517,29.97545317023558
201,Hera,59.136588607113275,40.7716786334289,50.31917041608622
194,Amara,55.16920043279768,35.7700796617695,73.80678807548284
78,Agnes,58.03189183039877,45.05833069581541,55.47399935075492
252,Ginger Mae,60.16643498156396,54.76973030443578,20.00415306278976
156,Octavia,58.047564876917946,52.25856749517965,59.49820912662032
93,Sally Mae,59.6582552411486,49.26768828930828,59.02006784161211
301,Ember Belle,59.62053868977282,59.95442911071741,25.147697336230507
68,Mabel,44.22125269663071,52.084451554802214,28.639046178983996
183,Persephone,60.32674785087947,79.62785305805724,22.215255503030715
54,Fern,59.21528563968203,92.89390773405704,24.9690887382335
21,Willow,54.38123036941813,47.48800890338071,55.77480390178067
149,Helena,56.75374250904286,21.52992303832957,76.33973358237382
163,Valentina,67.58459039952271,62.43765932959743,29.40240527106997
8,Rosie,60.33004228378167,24.74323316202337,60.83725175609225
174,Guinevere,59.11321941718528,42.16250653691085,69.81785447053346
390,Peaches May,58.00643705223557,77.58050484225443,29.520965294895742
144,Calista,59.50458273167544,63.90178430661003,21.93261941696714
338,Peaches Belle,60.194577829790425,24.86601441685091,45.95590135962522
48,Delia,60.72154526422589,54.00126561858242,13.824862151210986
336,Nala Belle,59.90070610306129,61.59004796603941,49.966403303121105
380,Fern May,59.71147995603379,41.865550152444165,59.45129867788923
366,Rosalie Belle,59.19620759358236,23.82836752882484,93.41409512175214
398,Xena Belle,59.56381064318147,59.40142531869618,51.80758664108431
317,Utopia,59.35303866938649,42.68807993137753,62.73102323906643
123,Hannah,60.15726798976272,69.46684136265975,31.42036942324798
5,Clarabelle,53.369962863984426,30.92483152183062,55.48211686657087
115,Zara,59.447308056682154,46.18455656837774,34.535249441990814
34,Millie,56.36695112110932,66.4356578056098,46.2008766368871
49,Juniper,49.597190137581165,44.707124152839356,39.341617018442115
121,Frances,59.81053417693607,74.4281477311534,44.3811902292643
191,Xanthe Mae,59.36372208149713,83.23736886979749,18.430176481509886
113,Xanthe,58.10488327107217,64.53063500735509,31.53581355452371
254,Ivy Mae,58.23292562835481,58.76196462408622,64.35836122310374
139,Xiomara,59.63603403495211,17.560056380549085,100.0
213,Tara,58.347332447831825,28.981415277371042,78.19061911754267
242,Willow Belle,60.21702224987357,83.21702411371655,18.83247961057288
345,Willow May,58.84936490116804,50.63792823642031,34.83927764157668
406,Fiona Belle,60.66538546215482,75.19563358000059,43.529214416016046
293,Whisper,60.426842124817796,53.858530883795794,80.85638045574863
150,Isadora,59.4336336592713,34.62465715072265,66.69281074927311
411,Kitty Belle,60.664681123084286,8.862063139486196,86.31479617908425
265,Twilight,60.75214698067816,46.280345145518496,44.50802778887333
69,Cora,60.58360396417872,79.15550690859278,5.721675567880197
203,Jade,60.674948878059,62.85988302741229,51.06688287935686
271,Zara Belle,59.0425128854078,54.24261716776729,52.48133991718692
363,Olivia,57.328930395302926,45.36664828160057,87.82839956076917
351,Candy,60.397534906315606,55.01446827183782,74.42555645829133
131,Penelope Mae,57.64446512298806,94.60258603070078,28.933718004613617
20,Ruby,58.458965991843215,37.60773698511876,69.68823671458182
282,Karma,59.19971972311524,69.95930239384332,32.60952815841711
298,Bubbles,58.13356186569931,32.79070937924175,65.14729604646709
362,Nora Belle,60.753669993916034,94.74769874746896,40.498148130339096
250,Ember,60.41351560518586,73.6777275177373,73.96190964377153
209,Pandora,60.83106099404902,82.59976503768657,59.45635231930545
281,Jasmine Belle,59.20532752158432,33.673091827563134,99.43826208035486
57,Daisy Mae,60.52491139820933,71.47884928021442,58.528285781907265
193,Zora,58.81406305868018,100,17.72984118298581
1,Mooey,58.0471319167782,48.749197114625126,62.90021199141762
104,Ophelia,58.93692407739378,92.47223579801663,48.99375351443238
152,Kiera,61.1367492596423,100,35.937992469871375
182,Olympia,58.89608553590242,84.37767258265399,45.04129195627968
318,Violet Belle,60.884006071036836,99.02504095410204,17.390075351307573
200,Galadriel,59.32059249545762,23.5036397401732,77.08276367147224
352,Daisy Mae,59.70780923428591,88.93010377830558,52.75976059746103
386,Lavender May,57.73990349993414,35.87256549834058,100.0
40,Violet,59.485465139054405,69.92602531222367,43.20772383101649
170,Calliope,59.63493083302667,63.77440376799037,78.24874768844333
38,Beatrice,59.970049853022005,68.5191728510155,65.50010887472308
312,Pebbles,59.74981218713676,60.27654547311592,66.4355955105053
228,Iris Mae,60.35376938466796,57.90826558846628,64.18035659020902
181,Nia,58.89670921289746,81.35601823776663,32.014312373863035
202,Ivy,57.91033084291426,33.917527976446856,72.30880662309471
151,Juliana,57.81516043262067,85.19627819418031,45.21506791974581
357,Isabelle,62.68063112827504,93.00857242494828,67.62296658551571
221,Belle,60.83433602431737,67.48476739210112,66.95338159083224
135,Theodora,51.61679735857873,45.570031200584815,76.45981606398061
377,Caramel,74.99756700587857,88.39423502214937,25.05239339858086
129,Natalie,60.70361234282586,74.67684067897248,86.25910683365714
378,Daisy Belle,63.70855408906633,58.797059350451654,80.42382997193312
321,Yara Belle,48.90839398081189,67.68260899914719,59.61092524687037
372,Xena May,50.637809225099325,44.640662235643,73.37820915990186
392,Rosalie May,59.36069020967692,55.10905701754009,100.0
331,Ivy Belle,60.27758523356203,59.26815281506255,87.07919241392312
13,Penelope,64.95192180368213,41.3513326782987,100.0
41,Maisie,66.53228304922001,80.725931143662,74.70516656324033
120,Eloise,50.160246938702116,88.69462717634846,57.777984981208206
310,Nova Belle,62.607207297978775,100,73.69677834658361
267,Violet Belle,61.613330614475004,89.28172196127798,83.52461069033635
224,Elara Mae,66.67649239607915,92.79237309361068,69.60176582284927
251,Fawn,60.72045683319433,89.84496994142313,58.58965464723371
196,Cassiopeia,60.47491395379376,64.77525212193842,75.49006273806116
83,Lavender,58.43953122737328,58.497811032420216,70.3181508235252
235,Petal Mae,58.40992630029852,71.38452718643208,50.59313505325972
119,Dinah,50.94153321317441,61.25730951435021,57.0831509441794
350,Bella Belle,64.20155416882669,75.2753021591407,76.7772766172232
383,Ivy May,60.52064225103839,81.24199703911363,74.00557285283818
229,Jasmine Mae,61.1939840327041,65.29578347404438,68.15093426404738
325,Cinnamon Belle,59.09329782298238,79.75381347975257,42.662839940714186
329,Gloria,58.34718461890983,54.31295333076293,80.04798167201045
270,Yara Belle,60.131468859422256,82.56884198340414,46.96844052241869
94,Dolly,58.99781149520158,94.47999148765986,27.76148907866112
364,Paisley,58.30997273322752,85.39179746965605,33.806393195396375
100,Kitty,64.49317237971053,64.79515941444589,97.79374802628925
269,Xena Belle,62.52015890373478,47.59547927797742,100.0
306,Juno Belle,64.41514865120617,75.69885747494924,100.0
284,Maple,71.99090237324769,100,93.49596965419619
110,Una,59.67563021274104,50.07353716392875,91.95578198280276
289,Rainbow,62.496030199410036,96.79714167700746,63.07053977352753
106,Queenie,61.8531346672792,94.93645179191566,85.81188736729314
222,Celestia,48.22209717539485,90.34809946587094,67.47862863190866
291,Twinkle,72.921955309024,75.55959228708726,100.0
88,Tabitha,59.936363870685526,49.07109326861569,100.0
247,Blossom,61.200177625820196,98.70632498985265,81.38329008170857
359,Kara,60.33175574415378,44.812235675010804,100.0
64,Flora,70.86213462944205,96.41334370337599,100.0
256,Kaleidoscope,46.3987753592143,77.87716485341264,59.20861935349502
179,Lavender Mae,63.348868295875356,76.05004174314058,88.81613331216437
96,Harper,58.774054673955234,71.73203563486257,59.00737407126234
241,Violet Mae,61.43000403610362,89.1950320555747,83.19078492969925
116,Abigail,51.815783842022924,55.09428516550162,75.59046550149935
33,Elsie,61.37242990067091,68.28349423500647,88.36175572652343
99,Juno,61.461073815368856,59.78438084727971,61.29993186726804
264,Starlight,53.35755558219573,93.07717793720843,60.33637488396256
98,Iris,47.40920179579897,96.79715442964739,18.20419794023262
316,Trixie,58.87073881933171,81.85260934370528,61.59851206549226
303,Grace,58.56502059620098,51.98663392743738,56.20330623245677
114,Yvette,66.5633072718694,72.51262767422688,100.0
290,Sunflower,57.85395719942639,79.66259203279583,25.575503882813127
346,Xena Belle,59.09328165744552,63.79582578223624,91.85173592469657
279,Hazel Mae,60.9752521394455,30.78273439308101,69.46244013225625
76,Winifred,58.899854062688334,67.06084159054787,80.93631667739581
189,Vera,60.29108895750866,39.57349047829906,51.05602499834644
124,Ingrid,63.12767359941495,41.6391724376416,100.0
45,Delilah,59.188660532753154,27.80178230786455,59.887233108014826
14,Fiona,60.98649987299604,95.0155365198241,62.433280941281716
184,Quenby,59.528310628585636,31.98312458770988,46.82625898569183
17,Petal,65.6224187293082,51.78456453069059,100.0
240,Una Mae,61.40972019838214,77.71453103309564,0.0
155,Nova,59.03254654536414,68.89408369945939,74.75974166519512
309,Misty,60.016132791437535,46.23880590516987,25.037989182272845
61,Zelda,54.768399027760495,89.21386894196088,47.11504523133881
212,Stella Mae,60.061663244575314,64.21897072991231,0.0
307,Kalea,76.2327747729687,33.577155703082035,21.822855938501707
248,Cinnamon,65.89265554877716,43.374268922622775,0.0
299,Coco Belle,61.86065912154833,32.480691937939696,0.0
266,Unity,60.67502952714062,28.40808093330294,0.0
297,Angel,64.32016537118604,27.761075424864565,7.771587973016459
415,Olive Belle,60.598055459114,34.8721095468838,0.0
168,Athena,60.38965519822093,11.531828755054548,16.48477173283078
394,Tulip Belle,59.7577216174764,9.472007429144947,46.99644908153687
255,Juniper Mae,60.865823096370434,29.202083927272295,0.0
130,Odette,70.27817068714639,43.465400306129894,0.0
63,Gertie,63.8019680057206,35.67872726221224,0.0
231,Luna Belle,61.57541545251948,60.838960956075276,3.8812457744695905
82,Josephine,59.58218200930898,31.414206366667244,42.954418352005376
403,Cassie,60.39104167556779,14.4998482428729,48.735372461738535
215,Vesper,61.041441996272006,45.29441153295316,0.0
405,Ember Mae,60.59210585079447,11.811652487192854,19.147446298770948
288,Quinn Belle,60.67607113236622,43.07926415077797,3.147774877120497
361,Mia,60.02661498651496,41.50297339461382,36.48849661155864
102,Magnolia,59.87972656400357,63.97321155344873,7.921143474914004
77,Louise,61.1692843035928,46.47688303849341,17.305774433071598
30,Sadie,60.27077368263624,41.12650197823369,14.678608600970101
66,Ada,60.68733980839768,51.5073364161624,26.47595633654711
283,Lily Belle,77.38734552193348,27.94747099756359,33.59568354204245
370,Violet Belle,60.041337534224915,52.45791614492992,25.342202352669247
79,Bonnie,47.920517015425304,1.8781126348297148,62.969411620993355
71,Esther,59.748756177411664,74.56197117127022,9.616408691364825
173,Felicity,59.01309577063409,48.88570217548455,40.98332148826616
391,Quinn Belle,59.66662923223803,14.781559568311984,59.549453918712565
407,Gloria Belle,63.713994274637294,45.32521119582775,4.960921172618185
46,Honey,59.9797040513257,57.47753174078627,5.477288364812608
188,Ursula Mae,58.80472464623089,80.89524420103635,1.4169724317606054
373,Yara Belle,60.484711091476505,65.44087863084889,0.0
244,Yara Belle,60.58435952960209,61.81426217494012,21.309581602815385
9,Luna,59.04602021567517,45.00065805399388,0.0
126,Katherine,59.239302140402685,46.62835360261312,21.868079816249026
171,Dahlia,59.1354121837211,77.98380164500875,17.153754461222654
190,Winter,60.27944446557789,50.9427719049367,14.924230035103953
207,Nyx,59.94323887326993,80.89566241878582,19.03778479137982
16,Freckles,62.24085440195042,48.83576409522678,35.369430223693115
227,Holly Mae,72.7838577816594,56.715534282412456,38.376739168508
245,Zara Mae,60.8220622720516,81.15509334291849,0.0
257,Lavender Belle,59.901625626712985,72.87368741013626,15.618533889861986
237,Raina,59.57855837041395,50.40232941072424,31.03886781510989
408,Heaven Belle,59.50252981837975,19.58721916435304,27.277996043903663
25,Lily,56.68881502357881,32.881288076221125,67.39631608750503
287,Pepper,60.54017128378068,56.605219731695954,28.306458343693116
67,Harriet,61.02432554182003,54.38619080805982,23.86478980938031
355,Giselle,66.64857219777707,47.945324753901616,0.0
10,Molly,59.48365251206715,21.50841347643583,8.581105505706333
381,Grace Belle,58.84527794994009,53.78422104444504,46.46916687817712
217,Xena Mae,59.37697938617634,57.85019551159157,19.70146529511383
112,Wendy,58.94358386474199,32.32331331123004,73.77893511511023
206,Maeve Mae,59.93864179319759,19.487039837865673,34.61049046781984
56,Betty,59.173941117714605,77.03171203908086,18.78572691868777
225,Fern Mae,58.54274883492166,53.021881460501326,41.09097666912308
399,Yara May,59.17871194308399,79.61313287804104,13.82461071959603
323,Apple,60.17762355308237,70.909545893059,18.92668971664962
379,Ember Belle,52.3999469694714,46.705049830823995,24.639262701125016
315,Sky,59.32990532589158,84.23795807233179,26.390064946713814
72,Nora,59.29726864849205,56.67703636094076,42.14626063965063
52,Tulip,60.788426146864985,91.01410822919512,2.009997239864056
164,Winona,50.9621092821859,38.96820722562678,39.50909855234608
262,Quinn Mae,63.88247946401883,70.89113938682935,19.78591231230141
218,Yvaine,59.251215986470335,14.537229330713387,84.31000082936953
219,Zephyr,65.9091752989574,55.85468264274434,33.41197235602148
223,Dahlia Mae,67.95178171615679,60.82474874487596,11.52322953465346
263,Raindrop,60.06504795045853,59.75886916592569,52.83656055695951
136,Ursula,58.122805084722835,48.253800656487826,62.54099039497112
2,Daisy,58.91549039165195,91.56812561534029,13.52894977654524
60,Nellie,58.8146158029593,74.7057449364277,24.917832326585515
385,Katie,60.552743680268,38.31991509268486,44.741786867929505
154,Miranda,59.73926486274456,7.359121273631082,68.74326646130689
18,Dottie,58.866968566896524,47.54419438057774,62.74886744314247
95,Gladys,59.80842458553977,50.27036401377449,51.15944957964427
32,Annie,59.86594184695171,76.2910298504969,22.738191203080763
125,Josephina,53.41057170515473,51.661304931639606,54.031203654485644
36,Rosabelle,59.89619816001061,78.85364122448078,4.744572594701708
137,Vivienne,60.46182401300366,37.37906553395551,40.71937867572966
330,Heaven,59.39876233794739,44.336370079361636,65.36485530721502
47,Marigold,58.71773902298641,34.75764272354165,67.40833981388917
365,Quinn Belle,57.906772358784366,96.95601791096998,3.791541369162779
122,Genevieve,49.79993968060425,40.37619368497829,54.014256856812516
97,Harmony,60.60858541552926,46.082864178167284,25.832220196136294
35,Pearl,59.533840402377656,71.839209034562,34.254133574949975
204,Kira,56.23779309314046,73.6624949619341,47.03755901577599
178,Kaia,58.74898701807928,69.13999819763664,46.41912251740441
328,Faith,59.92691320657319,38.1617632861765,66.22478681736968
389,Olive May,54.09972207353629,55.72635209228599,29.567240893017406
341,Sapphire,59.69244588601156,23.10601741994469,100.0
198,Eowyn,59.855441605256225,76.03557995046071,33.753344564485104
159,Rosalie,60.1768893520353,82.4537867140614,20.898935320976243
340,Ruby Belle,59.72141710134046,34.132109125879715,54.72755380525175
19,Pumpkin,58.902906244909744,55.77202880752789,71.28135316156802
388,Nutmeg Belle,59.41637162152819,95.62911191366145,22.95690277417993
28,Charlotte,58.76313038100706,77.1157587971756,38.726241568837295
294,Xena May,58.99905615302629,79.33470936820898,19.302116184787142
286,Oreo,61.520247310192005,50.25538344602239,87.19711100544703
133,Ramona Mae,59.35064528910287,71.17271096778502,47.22545831209767
143,Bianca,53.833031398547696,78.9620601015057,35.8259926911321
138,Waverly,58.338973874249135,76.75837855675805,34.56253840356732
384,Jasmine Belle,60.71959713173681,50.20648548140419,50.625622569234515
109,Thea,59.71449291554106,39.15442785718626,86.53163508648117
166,Yara,60.07938259300525,39.29910839107215,81.61806503634088
157,Primrose,59.376930340811334,69.945523205434,45.059270258595305
368,Tilly Belle,59.42516815839792,65.08271162524834,40.158636494605034
238,Star,47.01974252049962,56.93515458974371,43.74397359810099
420,Tulip May,59.64149621173108,51.092569149520806,43.43426081930175
314,Rose,58.99813049206068,84.57136439728241,40.47138124964739
91,Maeve,46.22460896204196,89.05945319754649,31.03826692613989
376,Bella May,47.02917410697271,68.35499115463202,47.799958689618705
367,Samantha,59.47355697931394,79.87424302590867,25.95943300139085
186,Sabrina,58.250040350512236,42.67347497006912,56.16262735447586
86,Sylvia,60.17753139815171,50.95174824702282,43.49961150814799
400,Zara Belle,58.68728848199199,34.42858717155537,53.10304243145749
128,Miriam,59.13931299904606,84.96660034929549,39.740317769883426
220,Amethyst,59.55903397878595,41.348056941971926,73.02536624280881
118,Camilla,59.96711226030012,27.908046137657156,71.23725420933042
274,Cocoa,60.066683392667294,57.922334876221704,84.72801685475343
277,Fern Belle,59.47320387336316,84.07310874766763,21.493692509974903
26,Bella,59.0078282670808,68.33461109403525,31.330844031317223
148,Gwendolyn,59.118299705401455,67.84134729844823,62.763865043904985
58,Coco,58.54688832435188,75.30266892049681,61.67644245765291
268,Winnie Belle,55.829834220311234,98.7762504970301,33.88653112230915
295,Yara May,57.989611618680435,39.610496819532514,82.50003901686537
62,Rosie Mae,59.884609141154336,38.51912308564712,72.02024036451519
348,Zara May,61.67081935561183,88.35143663775324,55.771206651915946
395,Ursula Belle,59.264444124847294,60.59164277346245,71.41447896866025
162,Uma,61.1757630259974,55.69361437807001,60.039566322031334
101,Lacey,59.04075232422091,50.87642368994803,85.37359925655221
107,Ramona,59.15209768179661,44.75399100189736,82.56157666971049
387,Mila,58.715247952978395,94.12561539041297,25.74279224472561
103,Nancy,59.10098558237339,48.28304236291074,65.84583171002089
55,Opal,60.50957771318535,80.83428067569278,68.90968519657295
409,Isabella,60.590083037371166,82.21772039280457,61.68529227270035
195,Bellatrix,58.900136005013636,85.3269682332973,27.086028146669253
4,Bessie,58.663238031175645,43.954705109787504,65.83556781226909
253,Harmony Mae,60.82993781816547,94.8056503369094,48.715729223308855
353,Ember Mae,61.037017889281515,37.676823468168486,100.0
199,Fiona Mae,54.5776445023065,95.11834452632186,55.02620663829805
142,Aurora,58.69619174158124,60.73925605261168,67.13559405579488
354,Felicity Belle,46.89974942526209,71.38174486557837,55.41818738776739
153,Lillian,55.14026123710644,64.48549246453983,50.01521986989301
230,Kismet,66.56614407964908,77.78026218554164,99.06315715984539
185,Rhiannon,60.82820547143801,77.49982806627632,67.23599450376925
410,Jasmine May,60.77779178422021,55.79099152623412,77.78206115219615
50,Martha,58.68974694365261,97.02985655880028,28.50151088703295
413,Misty Belle,57.794969839207894,76.84695122749864,43.444412548880564
339,Quinn Belle,59.07050389283382,100,58.3443966010704
272,Amber,58.74788152815021,79.88172329859353,61.25863738923675
175,Hermione,60.44883167499059,64.4139202429493,78.76899887271583
87,Tilly,60.43218271254776,66.09924138674523,64.75540038248161
167,Zinnia,58.96857549126398,43.94900863543221,81.32026840070057
12,Matilda,63.653578307903835,92.17715366819145,82.42398093268879
347,Yara May,58.95428974544149,94.9775747685791,32.07053580691137
146,Evangeline,60.01298669646072,50.22402478569081,71.0477725744291
197,Daphne Mae,60.964185499342335,63.62379547415632,94.54234477676545
232,Meadow,60.03908543778605,71.62024654273539,80.33564097704574
416,Pansy,60.4260224427093,96.19156301589251,48.14920359261788
305,Ivy Belle,59.33656313224139,46.57531766681992,84.29091128174394
304,Hope,59.94567535200048,87.53523795105141,38.6102430672202
404,Daisy Mae,68.39237344724864,98.00496893529458,80.82726400095856
418,Rosalie Belle,60.88469616954769,84.28660994814696,59.39709289252882
313,Queen,55.60890478174151,89.22586547379515,50.20795771193847
249,Daisy Belle,59.92005702657929,83.43058176185589,51.477786259373474
320,Xena Belle,59.178473211522885,61.91202616672597,68.33565059190789
70,Ida,58.985949697647506,58.69714442384262,66.91992448956634
