385,Katie,53.407203455919,57.34168964494951,44.741786867929505
360,Lavender Belle,77.26582253925851,77.24628476276281,100.0
208,Ondine,75.79728125533795,71.03450121756201,100.0
239,Tulip Mae,58.952141840959875,80.59250822344823,88.50945447616668
274,Cocoa,62.72199819622289,77.6337267716428,84.72801685475343
392,Rosalie May,65.44749349052671,67.54340288520967,100.0
230,Kismet,60.80992066780933,56.40178325441471,99.06315715984539
64,Flora,61.28998438302557,66.00065081629795,100.0
368,Tilly Belle,54.381207918767046,73.68198631388451,40.158636494605034
132,Quinn,59.81039728805527,83.73952834380655,84.23940177250341
418,Rosalie Belle,61.00188671984708,79.86761933649278,59.39709289252882
51,Greta,62.18105024975586,57.27936808619126,100.0
22,Clementine,72.3252554788059,80.72668434759223,54.39456457684616
406,Fiona Belle,70.18043801710336,57.92388300067059,43.529214416016046
295,Yara May,51.600107373193076,52.687947378952835,82.50003901686537
13,Penelope,60.08384977693202,75.5978750027914,100.0
34,Millie,48.02049793924178,77.16749187508809,46.2008766368871
359,Kara,61.31879464677886,61.552071856737,100.0
111,Veronica,61.56107517390523,69.09824741714665,49.66613801050426
114,Yvette,71.35015854442983,58.41356889522586,100.0
181,Nia,59.74131474188445,81.01087841359379,32.014312373863035
350,Bella Belle,68.7927730254759,71.78201164039397,76.7772766172232
203,Jade,70.25088192298281,55.65922270728909,51.06688287935686
291,Twinkle,73.83092593091159,62.88361609242593,100.0
238,Star,42.356836820247224,58.3496107312245,43.74397359810099
213,Tara,61.63902312463032,74.83299476181814,78.19061911754267
277,Fern Belle,60.369299121090926,73.83180895769986,21.493692509974903
224,Elara Mae,56.395261068842096,73.66200032791654,69.60176582284927
343,Unity Belle,60.34610465168018,75.06786734451624,15.36187343500719
331,Ivy Belle,60.69314723918483,54.55171852838137,87.07919241392312
66,Ada,59.88245994333497,59.40883981555355,26.47595633654711
308,Lily May,61.89730136019422,56.35473192566512,100.0
46,Honey,59.544900154803265,74.81040865786782,5.477288364812608
197,Daphne Mae,62.35337972615905,54.76911350562394,94.54234477676545
177,Jocelyn,60.1679606705345,49.26454851811923,23.408351652743086
286,Oreo,59.77254818257748,58.27480532562687,87.19711100544703
231,Luna Belle,71.35141868482712,62.32398650158765,3.8812457744695905
179,Lavender Mae,72.5873042414477,62.620261603070745,88.81613331216437
260,Olive Belle,61.52751735032264,43.997772649477476,15.485333211369912
289,Rainbow,58.59398411194096,72.62729642716842,63.07053977352753
255,Juniper Mae,66.3091770755898,50.41406852201438,0.0
382,Heather,51.139953247708156,68.51753101666155,62.12512525672577
271,Zara Belle,54.260915151005925,60.66898499464206,52.48133991718692
326,Daisy Belle,56.59934085376097,65.20025271502249,71.16582932709801
297,Angel,70.79238398970381,34.489732614739545,7.771587973016459
312,Pebbles,61.5042990363502,65.98590557786744,66.4355955105053
240,Una Mae,64.39089650715115,53.09592901007947,0.0
417,Quinn Belle,61.40411814663184,59.706694930185904,40.83631528008176
356,Heidi,60.57958919059157,51.40726532108981,0.6766694672996536
373,Yara Belle,65.41139169962932,48.5863931090491,0.0
168,Athena,65.37244447187663,44.87553545510663,16.48477173283078
355,Giselle,65.34001730505292,52.46896168183777,0.0
248,Cinnamon,63.582738360151545,42.50904068537674,0.0
102,Magnolia,61.19420541289885,65.26460469063896,7.921143474914004
365,Quinn Belle,60.24462422320555,55.43544988160242,3.791541369162779
10,Molly,54.71624474423913,41.949342172249914,8.581105505706333
393,Scarlett,73.25855539160573,46.89046102180093,8.844825410406465
48,Delia,69.58473740428819,73.35080327840136,13.824862151210986
214,Ursa,54.57505738001222,69.67336083360105,9.93529163521034
234,Olive Mae,59.897197333091974,41.63031920325973,17.05893551177852
97,Harmony,59.74902369070962,49.527739206327304,25.832220196136294
280,Iris Belle,60.121642035609185,31.973675202807414,42.32588377270336
405,Ember Mae,58.40878566330411,40.67808992706039,19.147446298770948
82,Josephine,59.98738261014869,46.725614099887366,42.954418352005376
92,Prudence,59.459872267193695,68.68399001839647,16.964836003282628
292,Violet May,70.24706759066574,49.39262165359527,23.548194121686763
31,Lola,52.301799022313716,47.395500405166494,33.427134761395976
390,Peaches May,60.68161992104007,55.86454414354289,29.520965294895742
370,Violet Belle,62.60703826451949,54.84328293024828,25.342202352669247
36,Rosabelle,61.49991387697277,44.269410707999754,4.744572594701708
315,Sky,79.47268465402058,61.49424661162424,26.390064946713814
223,Dahlia Mae,79.34741225790619,62.81068369424322,11.52322953465346
9,Luna,59.756434334087615,74.12151993041792,0.0
53,Daphne,54.88222025147413,39.39959513453101,58.52341324317557
60,Nellie,59.68026646735049,67.59103634706389,24.917832326585515
322,Zara Belle,63.69691373551953,66.2347770735669,6.598876689954899
81,Imogene,51.924473861362145,50.55803426698152,16.87390728369757
130,Odette,77.08556873885631,51.60438263694722,0.0
188,Ursula Mae,60.340879227924816,41.012140380064125,1.4169724317606054
219,Zephyr,79.60447238167437,62.535991338280624,33.41197235602148
323,Apple,54.826658538150255,72.23540943854111,18.92668971664962
71,Esther,61.21943032468309,71.54033082089059,9.616408691364825
400,Zara Belle,45.72185045877186,62.668322973584715,53.10304243145749
265,Twilight,54.54881185753094,45.87881754745871,44.50802778887333
273,Bluebell,59.60870324842722,36.338319730069735,42.899831224959705
108,Sable,57.26444757024982,56.865417739332806,24.028749779808063
242,Willow Belle,64.73419468874184,83.18817750887929,18.83247961057288
403,Cassie,59.25459589782951,45.446518220808706,48.735372461738535
252,Ginger Mae,66.41112139385216,54.78119575140276,20.00415306278976
28,Charlotte,67.05097415051365,64.25934792337382,38.726241568837295
171,Dahlia,77.87102533747084,80.18291323322526,17.153754461222654
143,Bianca,49.29222712120259,56.38622377814276,35.8259926911321
246,Amelia,60.95196998992882,51.10877848094055,51.064332055366144
236,Quartz,61.504562713424534,80.88623412034,0.0
389,Olive May,45.298557039180196,42.90151842413092,29.567240893017406
147,Faye,71.58275156448939,65.23689471603046,0.0
311,Orchid,55.63951885949932,79.08890011125906,24.16235889112957
144,Calista,61.11399378407723,61.336550384668456,21.93261941696714
207,Nyx,71.25887332990514,60.10661068901017,19.03778479137982
407,Gloria Belle,68.55308648386753,46.856369574713725,4.960921172618185
91,Maeve,46.24606741368914,70.51931813883618,31.03826692613989
189,Vera,71.55115204428182,55.13569996556804,51.05602499834644
198,Eowyn,66.49423437201233,69.45294756172122,33.753344564485104
212,Stella Mae,56.55352568433158,72.96338884268131,0.0
268,Winnie Belle,56.50424383710306,79.48595868696961,33.88653112230915
225,Fern Mae,61.07707719219541,65.10206375854341,41.09097666912308
235,Petal Mae,50.68588936064583,52.355247449606026,50.59313505325972
134,Seraphina,53.94914833947272,40.47193226678291,37.460697623584096
199,Fiona Mae,49.669026269356586,57.185590732494454,55.02620663829805
275,Daisy May,67.7264513732724,63.319325404537466,36.64221923821166
131,Penelope Mae,71.13226466401515,58.0537294425412,28.933718004613617
145,Diana,66.1301656567696,47.683304827323525,33.34190354647399
165,Xena,48.01449092124694,65.6027145992254,7.41370768225957
186,Sabrina,63.49333639222117,46.62695151085758,56.16262735447586
314,Rose,64.92385225491533,56.32828463246505,40.47138124964739
115,Zara,60.6057757341703,55.67484179851189,34.535249441990814
243,Xanthe Belle,51.48851349398275,43.578860291934205,40.75104133755657
336,Nala Belle,52.93614143014716,52.35551310015612,49.966403303121105
84,Martha May,59.89082448238095,53.81516003757631,62.1395140440342
67,Harriet,55.85196636585312,61.841332046925835,23.86478980938031
126,Katherine,65.89588602610362,58.24013666142865,21.868079816249026
222,Celestia,31.24349162452771,51.15876563787648,67.47862863190866
50,Martha,69.71326996465842,74.03593042883122,28.50151088703295
367,Samantha,59.13120761626634,70.57717460973953,25.95943300139085
7,Holly,50.96610627252731,55.2507495111684,25.805711651208018
408,Heaven Belle,60.79962180596356,47.14681530593026,27.277996043903663
86,Sylvia,59.896132804627264,65.18445346127619,43.49961150814799
68,Mabel,39.187645124349686,83.05819127165921,28.639046178983996
49,Juniper,45.52302780507845,66.77552977431762,39.341617018442115
158,Quincy,59.36506288749522,51.60745862762218,46.49556087716784
217,Xena Mae,65.50810124623253,65.65924739589178,19.70146529511383
70,Ida,60.10493922058034,61.82826854492818,66.91992448956634
221,Belle,64.92487131603312,50.686211691884424,66.95338159083224
113,Xanthe,69.02257350241521,75.12978208228941,31.53581355452371
183,Persephone,63.043866189606966,74.50361357360521,22.215255503030715
98,Iris,44.649316260854484,66.3669225839969,18.20419794023262
35,Pearl,55.45479881249766,47.33327762650201,34.254133574949975
319,Winnie May,54.756474924302395,67.18101624766452,56.841696987854235
140,Yolanda,61.45434815621018,74.78198979472292,44.09717925472032
362,Nora Belle,56.064337378545154,69.05672757464158,40.498148130339096
194,Amara,51.22050900479074,56.412384580130684,73.80678807548284
45,Delilah,56.61670141947155,62.25986142955438,59.887233108014826
133,Ramona Mae,65.03109570385874,55.731701144483395,47.22545831209767
163,Valentina,80.3855275283364,61.97586981707303,29.40240527106997
254,Ivy Mae,70.92355676684723,69.76262038992961,64.35836122310374
185,Rhiannon,54.89064450287503,60.21611957040628,67.23599450376925
148,Gwendolyn,51.67920954314413,60.52514641536156,62.763865043904985
122,Genevieve,45.19426922287202,59.7835140165803,54.014256856812516
364,Paisley,59.62993981393703,62.615365601051884,33.806393195396375
249,Daisy Belle,60.37607783644625,76.91204372730752,51.477786259373474
156,Octavia,61.77713048952967,48.989263072809685,59.49820912662032
79,Bonnie,42.113074055844606,38.19024080943278,62.969411620993355
137,Vivienne,61.253156234514535,53.24389063010329,40.71937867572966
374,Zara Belle,58.991381635372925,66.50185408788116,78.53555805338056
99,Juno,60.10220943015584,78.52895369533235,61.29993186726804
386,Lavender May,59.89629706804439,33.374058833874926,100.0
103,Nancy,56.5892443262182,63.29356634641251,65.84583171002089
381,Grace Belle,70.22419527230717,61.43291552893714,46.46916687817712
287,Pepper,61.19455119226483,67.620622245088,28.306458343693116
26,Bella,60.43270058557652,60.75954298933665,31.330844031317223
409,Isabella,60.79453682117443,66.25339617887568,61.68529227270035
210,Quintessa,58.86701344959935,50.96044649218109,70.05771480782352
109,Thea,55.432657593203764,54.079604966210326,86.53163508648117
112,Wendy,62.41051211885505,61.47816260865321,73.77893511511023
348,Zara May,63.295318198970364,65.04628778395745,55.771206651915946
253,Harmony Mae,59.0749484662038,63.04742040257037,48.715729223308855
302,Flower,58.38484413897161,68.74104504326141,38.10144918003114
105,Patsy,51.943172548939046,90.94574851719608,62.523800388958875
363,Olivia,61.839024960340694,53.84660266885202,87.82839956076917
279,Hazel Mae,61.13038059493783,64.769747112983,69.46244013225625
153,Lillian,49.4444740872991,47.570297485455015,50.01521986989301
142,Aurora,60.46986404419594,74.16900772157946,67.13559405579488
330,Heaven,60.26445879792237,63.38046370513318,65.36485530721502
241,Violet Mae,53.81529252898313,70.1174914488708,83.19078492969925
141,Zelda Mae,78.99763388139175,61.17774257011669,87.25394864866774
74,Willa,58.06611438639978,70.00868128195744,52.45731274570316
119,Dinah,46.81890107427384,54.56579474974805,57.0831509441794
39,Phoebe,65.53512674702002,60.972028015636575,93.48674699317641
200,Galadriel,57.77701583258865,50.78383402393959,77.08276367147224
395,Ursula Belle,55.21241838203804,47.19655364729861,71.41447896866025
87,Tilly,60.52809523937807,47.85998320722161,64.75540038248161
16,Freckles,79.51787729886419,71.75044389421433,35.369430223693115
218,Yvaine,61.39040563820279,61.98659600459913,84.31000082936953
19,Pumpkin,60.57392751909675,69.30001322765327,71.28135316156802
110,Una,49.80350756079758,63.378159161415994,91.95578198280276
383,Ivy May,63.99306873982374,60.29335810690146,74.00557285283818
372,Xena May,48.33985887921503,55.645838819319785,73.37820915990186
398,Xena Belle,62.449620110925935,65.75512049955634,51.80758664108431
272,Amber,62.10232690989753,51.914151450245136,61.25863738923675
353,Ember Mae,61.31097844092911,60.51478557102164,100.0
300,Daisy Belle,59.91681126993529,53.37907038549449,100.0
196,Cassiopeia,60.641956684995264,54.23988655562938,75.49006273806116
1,Mooey,59.41794402072254,54.897148651827926,62.90021199141762
120,Eloise,45.45608667789533,54.91215152205616,57.777984981208206
293,Whisper,60.84160849702202,58.866326976406775,80.85638045574863
310,Nova Belle,61.43188874229707,64.17644459278743,73.69677834658361
209,Pandora,59.291311794084116,68.58411275220959,59.45635231930545
95,Gladys,58.39417480083763,71.74371298369537,51.15944957964427
412,Lavender Belle,57.20980093793365,49.55699064984553,69.6838186607624
267,Violet Belle,56.86047560837115,69.11455620338253,83.52461069033635
15,Hazel,62.45343481645519,63.37318707584416,83.0274258777744
58,Coco,63.59164529574646,74.53328598980671,61.67644245765291
170,Calliope,60.180548781428094,46.23327353423582,78.24874768844333
316,Trixie,55.30771114921767,57.43700974143289,61.59851206549226
106,Queenie,55.68441260574666,75.01724757336862,85.81188736729314
124,Ingrid,61.51660692332989,61.02821324287996,100.0
232,Meadow,62.57291101177578,74.34956540422424,80.33564097704574
357,Isabelle,60.3653933234026,66.50543969393527,67.62296658551571
333,Karma Belle,50.62871336039638,66.02340477124633,54.434099157928024
269,Xena Belle,59.84777493640767,62.04898035082653,100.0
44,Georgia,59.35077656990288,48.20453704611219,100.0
166,Yara,76.42993108508303,57.07232888444832,81.61806503634088
161,Tallulah,61.312545229720214,46.600256401109135,94.24673690282782
416,Pansy,57.831109123059704,84.8753174946703,48.14920359261788
313,Queen,43.146638493417896,78.46842684059799,50.20795771193847
129,Natalie,63.323025196355864,78.84968301861501,86.25910683365714
379,Ember Belle,48.99739521304265,75.38179648733596,24.639262701125016
100,Kitty,63.00142529443183,67.48878443195558,97.79374802628925
76,Winifred,60.68129842849296,76.58617016216517,80.93631667739581
12,Matilda,61.50135334034763,78.08723970972862,82.42398093268879
320,Xena Belle,45.4550491558322,69.24484390579256,68.33565059190789
278,Ginger Belle,72.91606565886347,73.67687116294061,76.94190767875007
284,Maple,64.69435377280747,78.60436755556664,93.49596965419619
404,Daisy Mae,61.04774815615543,52.502310838591825,80.82726400095856
160,Serena,37.342073405871844,49.29403334729122,93.73423125138618
23,Poppy,62.751302978328326,67.17822261029175,100.0
202,Ivy,58.1004875947571,57.70759959677354,72.30880662309471
155,Nova,58.21114573740623,63.84336674565514,74.75974166519512
226,Gypsy,59.444166928667684,70.27815285019814,86.24318177382722
167,Zinnia,57.78560806795693,47.629982909303195,81.32026840070057
175,Hermione,70.17207846901069,80.45197610163538,78.76899887271583
351,Candy,71.2915404404434,57.971548874452,74.42555645829133
139,Xiomara,64.26285521253509,45.13769966322066,100.0
352,Daisy Mae,58.962908209345024,65.9554261911046,52.75976059746103
107,Ramona,57.86637792240623,71.8620785711675,82.56157666971049
251,Fawn,60.65906766836278,56.05292133776811,58.58965464723371
41,Maisie,63.810861113107556,72.09145512443976,74.70516656324033
195,Bellatrix,55.04933518201452,82.28203962203096,27.086028146669253
154,Miranda,44.89103021401961,69.45129563919149,68.74326646130689
391,Quinn Belle,61.374570259878226,43.97518559052788,59.549453918712565
375,Acorn,60.15235491796156,61.93817591485009,36.53211232538775
94,Dolly,55.819673945163224,65.99663815463306,27.76148907866112
80,Edith,48.97048547782365,61.28230149801253,27.950803222197695
176,Isolde,62.14293641626598,68.34779848477433,14.754022763006404
401,Aria,61.5751096368222,45.851700370883364,29.97545317023558
30,Sadie,63.365226281786576,57.09605553375146,14.678608600970101
190,Winter,63.958824263516085,49.941626046687205,14.924230035103953
169,Brielle,85.59434734626555,58.93981654367011,3.385035494074316
63,Gertie,69.22250172475653,48.65903498509436,0.0
215,Vesper,66.3462239465078,45.54172166240532,0.0
332,Joy,61.222867133646595,42.206418668035724,11.614157629266245
245,Zara Mae,60.96568244685,65.2641332402483,0.0
37,Winnie,43.43188233776186,52.70225622336945,1.3813068620934246
415,Olive Belle,65.47711629473753,69.6696714047768,0.0
288,Quinn Belle,55.77110094329541,41.73933228884995,3.147774877120497
344,Violet Belle,59.52139831685122,35.4578382621451,24.486632464815237
299,Coco Belle,68.75705168127027,48.445311975754386,0.0
27,Lucy,48.644400644983286,53.714155333719134,22.37862459932193
307,Kalea,81.51129439930561,48.952931605943725,21.822855938501707
397,Willow Belle,50.11058028252347,48.427810430898674,11.607689919523786
337,Ocean,59.897855552563065,49.8137228312209,32.075803377257884
164,Winona,44.03210953841241,36.77619717508814,39.50909855234608
69,Cora,64.83508408991406,77.90246047854563,5.721675567880197
206,Maeve Mae,60.50772250923409,42.394464786820265,34.61049046781984
52,Tulip,65.39402965594647,67.99115458273283,2.009997239864056
73,Hattie,47.363189741944495,64.13258113176988,23.95723373524257
261,Peaches,59.904186853505166,58.30550041710718,6.556204035016549
216,Willow Mae,51.96880453490478,46.776311555410615,0.0
77,Louise,59.91993671376739,66.80896918164844,17.305774433071598
24,Jasmine,60.5378802698933,40.68774106168449,29.691852285351487
342,Tigerlily,56.521790480672884,44.758380036178146,18.878101698181
270,Yara Belle,65.22062862015703,47.77476295789237,46.96844052241869
334,Lily Belle,48.662863764681276,56.100424900610875,22.843629417852917
301,Ember Belle,61.38049271981949,44.64529712290472,25.147697336230507
42,Minnie,67.20809064191434,56.277946349623534,0.0
294,Xena May,62.06743119595579,77.22336573269553,19.302116184787142
157,Primrose,62.918131438798774,49.50219710158056,45.059270258595305
90,Lorraine,59.39883028772026,56.175610946396176,33.94115951652263
402,Bella Belle,79.39211566841064,61.75332919721906,19.48989101302382
419,Sienna,61.23405631194859,70.0710971958709,0.0
65,Gemma,66.56991021699854,35.75168441192986,41.358168167645324
184,Quenby,57.45946801766897,51.47937446989259,46.82625898569183
349,April,60.42802111731207,55.258708096873114,32.71759918431782
211,Raven,62.16283545790053,54.3998345073114,0.0
121,Frances,54.699655554468556,55.3177067724382,44.3811902292643
377,Caramel,91.00312233295055,66.59547542237613,25.05239339858086
262,Quinn Mae,77.46579188053268,70.20826535768062,19.78591231230141
227,Holly Mae,80.16655518536271,45.16117381950192,38.376739168508
266,Unity,62.658084094515274,50.75763688015844,0.0
376,Bella May,40.20201825082994,46.837882782708476,47.799958689618705
358,Jasmine May,62.72630472494604,79.20218059102558,4.255439917767674
388,Nutmeg Belle,65.4210806480861,76.72398803837379,22.95690277417993
192,Yara Mae,57.91607450674266,51.75146976143295,41.17768050664687
282,Karma,66.57779779753227,54.424043574268445,32.60952815841711
75,Adelaide,76.57714906023241,48.425489505180245,34.52114947546283
296,Zara May,59.67813374236556,61.444347905055906,14.432529818277473
338,Peaches Belle,60.403270067196424,55.37046906089442,45.95590135962522
182,Olympia,53.102032112260275,54.585003263931604,45.04129195627968
191,Xanthe Mae,60.69714593286089,85.62044609694935,18.430176481509886
85,Ruth,61.83773587689262,47.400574569025984,41.67141222258546
54,Fern,59.64755611023603,57.888354543286624,24.9690887382335
2,Daisy,59.068940023127674,62.12271133220672,13.52894977654524
201,Hera,46.65560434837272,60.949130762282245,50.31917041608622
228,Iris Mae,58.97221894128058,40.293583566773485,64.18035659020902
318,Violet Belle,60.33045315967055,64.46996836858914,17.390075351307573
180,Margo,48.734571683745216,47.6574208343249,24.31661590355249
11,Ginger,65.61258263094156,53.182892504775516,10.766411349424544
138,Waverly,59.81237868963051,68.68372716609959,34.56253840356732
47,Marigold,72.34481936584696,42.713609775560315,67.40833981388917
187,Thalia,53.04386876484053,55.46327592946285,46.209972283928956
159,Rosalie,55.473491676084016,77.75553291431261,20.898935320976243
309,Misty,60.0595305062419,65.70209029113512,25.037989182272845
394,Tulip Belle,60.7135381905175,40.407046196738264,46.99644908153687
56,Betty,74.97128885571385,64.29282139305424,18.78572691868777
290,Sunflower,65.26788922837521,78.3714965324906,25.575503882813127
193,Zora,62.41660649846821,82.56809045880729,17.72984118298581
340,Ruby Belle,57.75208091951733,39.42948298403859,54.72755380525175
361,Mia,56.21721592431657,47.17912148510096,36.48849661155864
233,Nova Mae,69.46294670858337,74.01679224312603,0.0
127,Loretta,56.26129187106206,81.28382636651773,19.880901206900113
413,Misty Belle,59.93626987968007,55.297173140590985,43.444412548880564
305,Ivy Belle,59.9192589395262,32.1078714419242,84.29091128174394
72,Nora,59.5084787315345,68.22296778326358,42.14626063965063
128,Miriam,60.18084737323585,62.925138031066794,39.740317769883426
303,Grace,60.694456149925735,42.22172227132629,56.20330623245677
414,Nala Belle,58.487204691312584,33.853926233852526,56.127973476320406
283,Lily Belle,84.60144240582589,47.4615289790315,33.59568354204245
354,Felicity Belle,42.55935409614977,59.67159567473554,55.41818738776739
328,Faith,64.87664911027451,37.28730836063966,66.22478681736968
257,Lavender Belle,59.655785355790165,71.63916003987441,15.618533889861986
396,Violet Belle,61.094978977399826,43.53199062667077,35.171432034743646
384,Jasmine Belle,53.57692287249814,61.360966676929465,50.625622569234515
125,Josephina,49.271350033265264,50.8169559240455,54.031203654485644
151,Juliana,61.477852345992765,75.28633164196394,45.21506791974581
335,Meadow Belle,59.881279113262444,77.61138937149164,19.47523582724499
89,Henrietta,55.86574717242646,75.91193730653298,5.369201067481448
62,Rosie Mae,59.27923728859355,49.58748835132,72.02024036451519
78,Agnes,60.199638052758424,59.48077744271775,55.47399935075492
345,Willow May,47.668759583507466,68.7423999773718,34.83927764157668
43,Olive,56.46107431516355,60.82916575229587,34.546375336127326
399,Yara May,66.12121090849952,72.88364889590173,13.82461071959603
244,Yara Belle,60.500015561722094,57.564053981125994,21.309581602815385
32,Annie,59.67172798834667,92.3846461926916,22.738191203080763
276,Echo,44.95057951625825,87.67762983902138,20.743299494994925
162,Uma,58.80816662907363,62.09261885111374,60.039566322031334
263,Raindrop,67.54160684968163,60.592013030290204,52.83656055695951
150,Isadora,63.33466117728139,42.40575907987705,66.69281074927311
5,Clarabelle,43.53176800353298,49.54569233861992,55.48211686657087
21,Willow,46.44571078615617,45.03338178679978,55.77480390178067
264,Starlight,40.67091997910538,72.06204644776106,60.33637488396256
93,Sally Mae,56.85633819151595,67.72208513685283,59.02006784161211
6,Clover,46.130600385800655,67.9225579314104,51.86477637845585
380,Fern May,68.57843300459085,53.59241382621314,59.45129867788923
411,Kitty Belle,64.02394412099679,50.81531938943576,86.31479617908425
117,Brigitte,54.545539614042404,55.03537730290239,43.94085861133597
149,Helena,57.10001960321497,43.33938639281458,76.33973358237382
304,Hope,61.2102221915756,76.47422145089662,38.6102430672202
146,Evangeline,57.5355774927418,50.52064055853956,71.0477725744291
420,Tulip May,54.869949181882276,64.34344926125371,43.43426081930175
258,Meadow Mae,63.237245687151876,47.385776062504746,46.29540999299665
136,Ursula,61.29271766398662,67.74282317262627,62.54099039497112
8,Rosie,68.71729032944225,60.277837035531405,60.83725175609225
174,Guinevere,57.644204904134476,45.59589575952921,69.81785447053346
237,Raina,63.40247868104316,70.17387432434154,31.03886781510989
285,Nutmeg,62.69504004637526,54.18096783463348,38.82989067697795
25,Lily,52.526977482261955,48.964842237044536,67.39631608750503
18,Dottie,59.75958241975101,36.991267674158784,62.74886744314247
329,Gloria,60.94601716057527,62.311882341391716,80.04798167201045
116,Abigail,46.01236920981317,44.62999995617152,75.59046550149935
40,Violet,59.09783744696976,67.90973773973508,43.20772383101649
152,Kiera,59.114189629438116,67.99542671009901,35.937992469871375
123,Hannah,59.49464062644329,61.85510710367042,31.42036942324798
3,Buttercup,68.01399408322655,53.75085938210189,84.99274923222447
204,Kira,70.51480175705163,79.59890107460748,47.03755901577599
341,Sapphire,66.460350612582,50.255071251011465,100.0
247,Blossom,61.301869125827444,56.551963898991346,81.38329008170857
339,Quinn Belle,58.13765908470478,63.44059945491713,58.3443966010704
135,Theodora,52.408394978100006,37.92889846602204,76.45981606398061
324,Buttercup Belle,59.89102454877149,54.30790184792889,49.300251287929015
346,Xena Belle,71.03462872981541,48.05264306486816,91.85173592469657
327,Ember Belle,57.37725874661906,66.5014942236281,71.9302137439784
250,Ember,50.51462713252637,58.669148386323776,73.96190964377153
178,Kaia,61.01745342462949,78.7516621722067,46.41912251740441
321,Yara Belle,45.557811827839494,60.89319412901658,59.61092524687037
173,Felicity,58.00579751674391,64.97697965474441,40.98332148826616
410,Jasmine May,59.89163665193536,58.74842870459831,77.78206115219615
29,Stella,59.49038630576751,65.18496032729581,77.16827856008821
4,Bessie,54.47351428216981,66.60646760907926,65.83556781226909
347,Yara May,71.49188629301787,92.04127655342698,32.07053580691137
104,Ophelia,63.141788124832175,72.50316985871437,48.99375351443238
325,Cinnamon Belle,63.584914502268575,71.29901495653317,42.662839940714186
205,Luna Mae,73.95465756641497,68.39378988743648,78.40569668770323
55,Opal,59.773652136580814,68.4317688741732,68.90968519657295
220,Amethyst,70.5486001702345,54.30362425155236,73.02536624280881
281,Jasmine Belle,59.1961642588698,43.07223332046767,99.43826208035486
387,Mila,63.11132246981199,87.989640932974,25.74279224472561
256,Kaleidoscope,43.88093072005441,49.9791016939121,59.20861935349502
101,Lacey,58.84278023784505,59.039145906919636,85.37359925655221
17,Petal,70.15244540816174,51.961153242907365,100.0
118,Camilla,67.76119537698388,65.3584757545328,71.23725420933042
61,Zelda,47.32520437048984,83.56584967245661,47.11504523133881
259,Nala,42.64140168782138,78.94833997720825,46.34167829929327
317,Utopia,60.83376147212798,57.36464785581318,62.73102323906643
33,Elsie,61.805877012677385,76.67470749398828,88.36175572652343
172,Elara,54.4835253898654,38.20484280423918,100.0
57,Daisy Mae,55.12427805495658,73.40023124237575,58.528285781907265
96,Harper,61.03801538961283,55.96792137878047,59.00737407126234
378,Daisy Belle,60.47030702302646,87.07803908915672,80.42382997193312
229,Jasmine Mae,63.745245480256266,68.08225356593137,68.15093426404738
38,Beatrice,62.51733833590196,61.17220780743665,65.50010887472308
371,Willa Belle,67.82653758049952,59.15425613325829,41.55773205838507
14,Fiona,57.23767681920499,84.96842496719822,62.433280941281716
83,Lavender,61.877867136476596,65.79887226531092,70.3181508235252
20,Ruby,54.117906614662715,63.627081591095184,69.68823671458182
369,Uma Belle,64.16424421559212,59.21031334005521,72.5910935693526
298,Bubbles,52.11890383645712,54.965993009652,65.14729604646709
306,Juno Belle,61.20744806013426,64.89186147459672,100.0
88,Tabitha,62.96451286453027,49.4984276891492,100.0
59,Eleanor,61.14555223370506,52.569738742732675,83.88839997417709
366,Rosalie Belle,76.16231544186839,36.874497529299724,93.41409512175214
