284,Maple,70.90096796840449,97.39808087383997,93.49596965419619
404,Daisy Mae,68.29058081169565,98.3539594940481,80.82726400095856
23,Poppy,68.85083326863587,87.74310450027866,100.0
132,Quinn,65.49050637971403,88.10883768475325,84.23940177250341
59,Eleanor,62.09175980454857,85.82415822150386,83.88839997417709
44,Georgia,62.46411583937966,70.08714047997755,100.0
289,Rainbow,62.262793462010876,100,63.07053977352753
230,Kismet,64.86508067834036,81.56880337335977,99.06315715984539
114,Yvette,66.57668222652232,62.21619766617458,100.0
306,Juno Belle,64.42695078661501,64.56517160161631,100.0
392,Rosalie May,60.75863231186768,54.70179490579778,100.0
348,Zara May,62.04405192004974,95.6465714631791,55.771206651915946
208,Ondine,72.63333717012837,63.40274491020931,100.0
278,Ginger Belle,72.45365421831113,99.01584702733345,76.94190767875007
326,Daisy Belle,61.12642558055791,74.68237080387806,71.16582932709801
382,Heather,61.033873607078306,85.43314897019022,62.12512525672577
308,Lily May,65.95246626021684,98.24164249917274,100.0
110,Una,61.03047556690861,55.877626651047244,91.95578198280276
64,Flora,69.90244914225812,97.13785451093739,100.0
111,Veronica,59.97247675962841,91.62181627999146,49.66613801050426
124,Ingrid,62.445975348105726,41.784892821204544,100.0
291,Twinkle,73.59192792440071,81.52304165046546,100.0
129,Natalie,62.3157183454311,78.53870578472987,86.25910683365714
105,Patsy,62.49677557876816,93.82230698126531,62.523800388958875
148,Gwendolyn,57.59340551770571,70.74678819129797,62.763865043904985
87,Tilly,61.069247612860146,70.65137707270827,64.75540038248161
310,Nova Belle,61.32725002485007,94.52552812948056,73.69677834658361
378,Daisy Belle,62.7522952880997,70.50672689958772,80.42382997193312
41,Maisie,65.04007070881634,82.01837785528623,74.70516656324033
142,Aurora,57.705164681555075,61.78286908436045,67.13559405579488
304,Hope,59.5695481062775,84.12750562321642,38.6102430672202
17,Petal,64.15857016696054,61.5537378414216,100.0
38,Beatrice,59.02950899463983,62.659237426983054,65.50010887472308
247,Blossom,59.068460940841334,85.13090620260132,81.38329008170857
354,Felicity Belle,45.12614364312266,66.57570303711243,55.41818738776739
3,Buttercup,60.4608618187293,34.70730966112915,84.99274923222447
226,Gypsy,64.64602409187978,98.59471380019595,86.24318177382722
374,Zara Belle,61.528051280942044,62.604625971190345,78.53555805338056
220,Amethyst,59.73112718602114,45.915537336820705,73.02536624280881
239,Tulip Mae,64.4844977357679,86.82108191241963,88.50945447616668
88,Tabitha,59.61292140550349,45.36653678205147,100.0
146,Evangeline,59.48401111475968,42.34261003185368,71.0477725744291
100,Kitty,62.82984129746431,68.31488682143464,97.79374802628925
286,Oreo,61.905527121017016,52.209373164461574,87.19711100544703
181,Nia,59.23924413649588,75.03701909646288,32.014312373863035
264,Starlight,49.17085028224395,89.62565305055291,60.33637488396256
15,Hazel,60.46742712531722,61.83900855467423,83.0274258777744
191,Xanthe Mae,58.556506066392764,80.72072036966159,18.430176481509886
357,Isabelle,62.02465646363648,93.20660966703124,67.62296658551571
101,Lacey,58.29440736319255,52.38311747379582,85.37359925655221
367,Samantha,59.0895561007122,72.06307068197741,25.95943300139085
418,Rosalie Belle,60.8624774199413,92.43627281571342,59.39709289252882
14,Fiona,60.36182825950133,99.94099242065735,62.433280941281716
158,Quincy,59.77963736292652,44.77149636289556,46.49556087716784
120,Eloise,48.26135382959147,85.27197715177898,57.777984981208206
250,Ember,59.27729885727446,60.41769151120891,73.96190964377153
163,Valentina,68.3060756868549,57.415850780005144,29.40240527106997
253,Harmony Mae,58.0646061258352,89.86148133203632,48.715729223308855
398,Xena Belle,58.173285708764055,65.95047153307631,51.80758664108431
370,Violet Belle,59.28770708874304,55.61598520766498,25.342202352669247
33,Elsie,60.737778087567214,53.536998232768,88.36175572652343
281,Jasmine Belle,58.454257544961834,33.014579611077146,99.43826208035486
48,Delia,62.02059553274325,59.783167561704005,13.824862151210986
259,Nala,44.84510987351145,89.99884320814475,46.34167829929327
373,Yara Belle,59.60532056942185,66.22947787866224,0.0
222,Celestia,47.645025586673356,86.47804584966114,67.47862863190866
126,Katherine,59.50625603404059,39.8773310836172,21.868079816249026
269,Xena Belle,62.97277148247872,51.14129305093181,100.0
287,Pepper,59.8625730619935,53.331283923271506,28.306458343693116
151,Juliana,57.87497375048688,85.88775935781831,45.21506791974581
344,Violet Belle,60.65006905619023,6.109400755960976,24.486632464815237
81,Imogene,60.158780012959205,23.78997092118891,16.87390728369757
248,Cinnamon,64.79513093170466,41.58291313632507,0.0
297,Angel,63.19666489332622,33.531466851604236,7.771587973016459
415,Olive Belle,59.80540743075013,38.48169370612901,0.0
24,Jasmine,60.53539952790286,7.606461857233496,29.691852285351487
405,Ember Mae,60.789697768269676,19.8567737581488,19.147446298770948
102,Magnolia,59.25774984960818,58.376754563088035,7.921143474914004
419,Sienna,58.890151138305605,27.227094609977733,0.0
292,Violet May,66.88103393229748,38.155278812994254,23.548194121686763
299,Coco Belle,62.126878912339826,37.90658945873623,0.0
180,Margo,61.708913722270886,0,24.31661590355249
265,Twilight,59.092073095068514,39.92669567262393,44.50802778887333
85,Ruth,59.79262896201136,38.271815963416564,41.67141222258546
80,Edith,60.29582833300332,46.25249034755079,27.950803222197695
137,Vivienne,59.53250262243753,33.114512029744134,40.71937867572966
356,Heidi,60.4760143573249,41.022575882068615,0.6766694672996536
189,Vera,60.101859138024324,37.45924304094683,51.05602499834644
417,Quinn Belle,59.80332075416724,37.446540866960234,40.83631528008176
11,Ginger,60.86304834423694,48.444129852551065,10.766411349424544
389,Olive May,52.90018336067151,53.26811192493794,29.567240893017406
414,Nala Belle,60.49451700876737,9.005116904272695,56.127973476320406
407,Gloria Belle,63.38301988332544,45.54283767682957,4.960921172618185
63,Gertie,63.38853874284291,38.0230523519286,0.0
154,Miranda,58.32491922375295,16.216292188980304,68.74326646130689
77,Louise,60.77723914444144,48.54725149020424,17.305774433071598
225,Fern Mae,58.16822099803865,50.861432462737724,41.09097666912308
245,Zara Mae,59.44055627740691,73.5188716461983,0.0
402,Bella Belle,73.04349559272075,36.566493574665024,19.48989101302382
183,Persephone,59.92912874229888,75.83079245274219,22.215255503030715
217,Xena Mae,59.69367216398039,66.97741191541968,19.70146529511383
375,Acorn,60.534792977113135,36.191987808616936,36.53211232538775
337,Ocean,59.32891727933055,28.338398483789128,32.075803377257884
296,Zara May,59.621626312681606,34.60728229194083,14.432529818277473
172,Elara,54.501376028432055,2.4206426268030246,100.0
324,Buttercup Belle,59.75418944720555,23.17411275817863,49.300251287929015
37,Winnie,58.36636289774912,96.01455398869932,1.3813068620934246
399,Yara May,60.51500754269624,72.9692607460632,13.82461071959603
332,Joy,59.758329910858755,46.97387083093797,11.614157629266245
355,Giselle,66.34869037955518,39.3832729019169,0.0
202,Ivy,57.9372095306937,23.106116575323092,72.30880662309471
408,Heaven Belle,60.09255618740359,26.285555213664374,27.277996043903663
198,Eowyn,58.98860005355108,69.31205037196617,33.753344564485104
16,Freckles,61.90865612370309,60.35377582967781,35.369430223693115
46,Honey,59.540769852341334,67.0581144146295,5.477288364812608
215,Vesper,62.08433936946952,39.43132216516045,0.0
276,Echo,48.00095733063863,87.62873058173099,20.743299494994925
238,Star,46.94638139851357,67.84558463978865,43.74397359810099
47,Marigold,58.97086600809215,40.49009727149763,67.40833981388917
242,Willow Belle,60.34659784162216,83.00796530563355,18.83247961057288
400,Zara Belle,57.26045176663269,40.5790070067518,53.10304243145749
192,Yara Mae,60.539726351455755,47.46506939051329,41.17768050664687
52,Tulip,59.74068148069763,77.7739572925043,2.009997239864056
31,Lola,60.28909431004762,41.4042740134855,33.427134761395976
178,Kaia,58.375402336194426,65.52567562235488,46.41912251740441
159,Rosalie,59.43203932577678,81.00640655275978,20.898935320976243
333,Karma Belle,56.83992217464019,39.27734319531731,54.434099157928024
301,Ember Belle,60.24329236839541,65.69061974773888,25.147697336230507
115,Zara,59.459596883126444,39.49601120937366,34.535249441990814
403,Cassie,59.493609215880454,17.92246814448304,48.735372461738535
103,Nancy,58.83954164050967,53.28024925113725,65.84583171002089
73,Hattie,58.68786571796603,72.86681040251723,23.95723373524257
233,Nova Mae,65.23476951978995,66.98497230446019,0.0
214,Ursa,60.73218531658668,49.63704187101416,9.93529163521034
303,Grace,58.40671471851099,61.266338931781654,56.20330623245677
282,Karma,59.52535342159683,66.85729681036985,32.60952815841711
364,Paisley,58.152510452422746,84.06944416898361,33.806393195396375
412,Lavender Belle,59.105703572661966,54.01601774804621,69.6838186607624
34,Millie,56.65387177156277,70.80695489722117,46.2008766368871
112,Wendy,59.834303909225326,37.95572966588887,73.77893511511023
93,Sally Mae,58.69619238958597,43.86816761233,59.02006784161211
68,Mabel,41.38628299738259,62.11810858047377,28.639046178983996
69,Cora,59.47175636316921,75.15123588748989,5.721675567880197
254,Ivy Mae,58.39637217677239,54.52807033622558,64.35836122310374
401,Aria,59.319317232117996,71.69907110695634,29.97545317023558
257,Lavender Belle,59.69552528770338,68.78517581091398,15.618533889861986
43,Olive,60.83977330099847,37.65086093128734,34.546375336127326
218,Yvaine,60.175596982116026,31.62621434390656,84.31000082936953
325,Cinnamon Belle,59.43647807665722,70.48703328236135,42.662839940714186
318,Violet Belle,59.38475251790973,90.70288865618996,17.390075351307573
234,Olive Mae,61.18237067671692,66.21727944489766,17.05893551177852
223,Dahlia Mae,69.03282355051662,69.59934704901463,11.52322953465346
240,Una Mae,61.091894713527644,73.05309101027773,0.0
107,Ramona,59.00371816783202,52.77104279369966,82.56157666971049
25,Lily,56.78976491125812,40.253257672851994,67.39631608750503
384,Jasmine Belle,59.436323924732385,51.09257369193027,50.625622569234515
29,Stella,59.611707137150816,20.33846641445109,77.16827856008821
258,Meadow Mae,59.75947116917808,41.047877499363864,46.29540999299665
219,Zephyr,65.9214038156649,47.863257869458415,33.41197235602148
67,Harriet,59.63493192023587,49.38795326227839,23.86478980938031
210,Quintessa,59.599601615296955,63.45574930331212,70.05771480782352
133,Ramona Mae,59.449249167928976,81.37274105013991,47.22545831209767
203,Jade,60.29611621070967,55.22641296597954,51.06688287935686
420,Tulip May,58.48345283919349,53.12373983391737,43.43426081930175
386,Lavender May,58.51402890674314,35.190006211994145,100.0
62,Rosie Mae,60.44422725494417,39.99370536249583,72.02024036451519
315,Sky,61.1775301599402,77.69630867695811,26.390064946713814
207,Nyx,59.65873669706401,79.59871659919143,19.03778479137982
53,Daphne,60.43123377217999,20.554356723844986,58.52341324317557
249,Daisy Belle,60.68085052040641,78.9946114226668,51.477786259373474
330,Heaven,58.72852474119123,48.27592524648033,65.36485530721502
162,Uma,58.8737238978686,48.29576773133877,60.039566322031334
95,Gladys,60.75346373874559,46.53916941662745,51.15944957964427
141,Zelda Mae,71.82716533561481,61.049819961968595,87.25394864866774
209,Pandora,60.00458994270955,79.69269506435299,59.45635231930545
185,Rhiannon,60.634799208767205,66.91648198295798,67.23599450376925
109,Thea,59.20899620667472,41.020842129316854,86.53163508648117
1,Mooey,57.876038519755284,50.8474697839631,62.90021199141762
136,Ursula,58.04196313238902,44.813403090771914,62.54099039497112
153,Lillian,54.69841877013457,52.710397674198276,50.01521986989301
236,Quartz,58.74782461713589,85.013497602649,0.0
138,Waverly,59.817293688996294,93.0639048854571,34.56253840356732
54,Fern,59.038192786828986,87.66717682923498,24.9690887382335
346,Xena Belle,59.777060910849876,56.72980241372281,91.85173592469657
377,Caramel,76.89925609949353,99.26212354663252,25.05239339858086
314,Rose,60.160126734638915,74.7467090217325,40.47138124964739
22,Clementine,58.96112328724601,47.68551597300377,54.39456457684616
358,Jasmine May,60.24330198181497,86.37423585509075,4.255439917767674
331,Ivy Belle,62.513564972270814,60.019526956217916,87.07919241392312
160,Serena,59.028710460273146,48.11641251245715,93.73423125138618
99,Juno,60.326411490107674,68.64695337272789,61.29993186726804
91,Maeve,46.27420507303174,87.81592674482354,31.03826692613989
366,Rosalie Belle,61.38265620809198,17.966546527655645,93.41409512175214
118,Camilla,60.075727705317654,34.94726724889586,71.23725420933042
365,Quinn Belle,58.84882217791044,97.5071686794934,3.791541369162779
122,Genevieve,49.73446228915087,43.482131225936406,54.014256856812516
409,Isabella,60.32956687538669,83.84588752293936,61.68529227270035
406,Fiona Belle,60.48975807240025,74.23573708479208,43.529214416016046
267,Violet Belle,61.80330277726053,79.58739982152282,83.52461069033635
61,Zelda,54.59125515380439,92.78280950237306,47.11504523133881
40,Violet,59.053615116763645,73.78401413699342,43.20772383101649
39,Phoebe,69.32774583165215,67.53538430638008,93.48674699317641
13,Penelope,65.30871921001025,55.39499068287937,100.0
313,Queen,54.785566288684585,95.43862083354767,50.20795771193847
139,Xiomara,59.62573022576528,17.468641968929134,100.0
279,Hazel Mae,60.61065510464879,35.74277018946752,69.46244013225625
352,Daisy Mae,60.80605833499074,94.39204573521712,52.75976059746103
57,Daisy Mae,61.1809047369761,81.68213346500805,58.528285781907265
347,Yara May,57.07359691149637,98.23842190800579,32.07053580691137
135,Theodora,51.23733540671763,41.63239092924576,76.45981606398061
300,Daisy Belle,59.924460345529226,52.16993479459791,100.0
362,Nora Belle,60.07738742403439,95.93121465303184,40.498148130339096
6,Clover,46.819771638947984,82.04355963499908,51.86477637845585
18,Dottie,58.50763208737931,48.760967264264245,62.74886744314247
339,Quinn Belle,60.66793311734395,96.25315149282171,58.3443966010704
55,Opal,58.42530651549523,78.77568364781294,68.90968519657295
268,Winnie Belle,56.260146020420834,100,33.88653112230915
372,Xena May,50.631613277281744,51.95596785901094,73.37820915990186
199,Fiona Mae,52.94270554943194,92.17117406942705,55.02620663829805
413,Misty Belle,58.56609689228416,72.68844461053958,43.444412548880564
175,Hermione,62.646617596843825,76.47218255885785,78.76899887271583
359,Kara,61.42701199663423,34.94573998984223,100.0
341,Sapphire,58.515188950070076,28.74919634524673,100.0
166,Yara,62.40956212153106,37.687873790466625,81.61806503634088
143,Bianca,54.212735056516095,82.16836257436954,35.8259926911321
360,Lavender Belle,80.78865823778077,99.11935148805455,100.0
106,Queenie,61.32598320977542,90.65878063880245,85.81188736729314
241,Violet Mae,59.20912083391678,77.95900423699914,83.19078492969925
224,Elara Mae,65.96245879903944,96.53558179115748,69.60176582284927
232,Meadow,60.357847781210936,73.3930465318717,80.33564097704574
76,Winifred,60.99577555931164,72.94788337208848,80.93631667739581
251,Fawn,60.054532025441866,86.04135811038537,58.58965464723371
161,Tallulah,62.00485860855514,54.426050579745514,94.24673690282782
228,Iris Mae,58.89527758890716,71.58304185192782,64.18035659020902
155,Nova,60.43399731350633,68.26975068125628,74.75974166519512
152,Kiera,59.30586497482695,89.30608249433513,35.937992469871375
274,Cocoa,59.79532994705774,52.0663986135811,84.72801685475343
20,Ruby,59.035571288779224,52.54397698573828,69.68823671458182
320,Xena Belle,58.851227967248484,67.33870326269741,68.33565059190789
256,Kaleidoscope,47.12174773866134,67.57474135793485,59.20861935349502
387,Mila,57.637196584453825,96.06331308186749,25.74279224472561
204,Kira,57.508615380850394,68.7370994746066,47.03755901577599
294,Xena May,59.13567436073295,91.63143160176573,19.302116184787142
21,Willow,54.07959515200805,47.79005995608102,55.77480390178067
380,Fern May,59.521638040869114,39.452964966071136,59.45129867788923
280,Iris Belle,58.888757584439404,52.5700143871244,42.32588377270336
5,Clarabelle,52.32236340387517,33.56922762756336,55.48211686657087
227,Holly Mae,73.51871506806144,45.0641601731534,38.376739168508
7,Holly,59.69691838805141,52.22304228324594,25.805711651208018
71,Esther,59.7450724682238,65.56626856484031,9.616408691364825
176,Isolde,59.98034637606878,49.132467288227616,14.754022763006404
177,Jocelyn,60.31324156209274,32.375201494975904,23.408351652743086
145,Diana,62.84891565730854,12.38545804032899,33.34190354647399
334,Lily Belle,60.660939696144446,13.6062086876067,22.843629417852917
216,Willow Mae,59.64541424233865,36.1153871773863,0.0
168,Athena,60.316431454626695,11.506734755473794,16.48477173283078
266,Unity,61.15406331448197,34.49166712908228,0.0
307,Kalea,77.01708406301361,33.414304051433646,21.822855938501707
165,Xena,61.3480842272445,23.664810180116564,7.41370768225957
147,Faye,68.51572261053754,46.5121320975096,0.0
231,Luna Belle,61.02655688821882,60.30236251038803,3.8812457744695905
397,Willow Belle,59.39327735993939,54.51504200948402,11.607689919523786
30,Sadie,59.85716421259317,50.81652785421784,14.678608600970101
190,Winter,59.510763546593545,41.18148926913295,14.924230035103953
36,Rosabelle,59.82565570706959,64.57327534793338,4.744572594701708
260,Olive Belle,59.587664448321924,46.97166902432001,15.485333211369912
275,Daisy May,59.382619368525766,32.9541486360356,36.64221923821166
130,Odette,71.59183273997961,57.03610677527001,0.0
255,Juniper Mae,62.520981460547944,30.04313900702982,0.0
273,Bluebell,59.48986167026467,41.36663155828549,42.899831224959705
187,Thalia,60.45290996045745,32.195152590230116,46.209972283928956
342,Tigerlily,61.18772150732443,35.81053746715126,18.878101698181
211,Raven,59.64578605669221,45.50113163339003,0.0
237,Raina,59.64070571804461,51.69488731920566,31.03886781510989
345,Willow May,57.20989216449587,58.34185147750383,34.83927764157668
252,Ginger Mae,59.69714884931654,51.20835813849075,20.00415306278976
288,Quinn Belle,59.72666699310619,43.74598132954603,3.147774877120497
10,Molly,59.0499661903063,22.40856410726051,8.581105505706333
45,Delilah,60.13677085715743,28.494179781288175,59.887233108014826
75,Adelaide,71.39593788368337,35.72343681187449,34.52114947546283
316,Trixie,59.735786454953335,71.19334390343082,61.59851206549226
201,Hera,56.95285864258587,31.737829583351875,50.31917041608622
283,Lily Belle,78.11462042000203,38.73002693045779,33.59568354204245
391,Quinn Belle,59.0865531531857,5.772918294567182,59.549453918712565
65,Gemma,59.08318327003252,56.88870300145051,41.358168167645324
340,Ruby Belle,60.53801441893111,29.64475968769309,54.72755380525175
379,Ember Belle,51.22736600296831,51.90095914614966,24.639262701125016
125,Josephina,52.40212015249647,44.80301960654744,54.031203654485644
381,Grace Belle,59.076898057964904,44.41500448364024,46.46916687817712
144,Calista,60.55393061628849,66.6369160544038,21.93261941696714
82,Josephine,60.51390620677637,33.33252274461292,42.954418352005376
90,Lorraine,61.05669700969454,38.293690964627054,33.94115951652263
396,Violet Belle,60.05303234997314,18.574531765731905,35.171432034743646
9,Luna,59.82281593959006,48.63452188323102,0.0
78,Agnes,58.29312092597127,40.987392455220736,55.47399935075492
271,Zara Belle,59.089052698428695,42.79537867060995,52.48133991718692
349,April,60.75089032263449,44.64862761356689,32.71759918431782
169,Brielle,79.44780671373081,67.02392539512475,3.385035494074316
206,Maeve Mae,60.245598819202065,22.789604639639737,34.61049046781984
317,Utopia,59.69081881939493,41.11560346549707,62.73102323906643
8,Rosie,59.6712457652528,28.162038475562817,60.83725175609225
243,Xanthe Belle,59.53276027505446,41.60029936871807,40.75104133755657
343,Unity Belle,61.3610734838499,48.22863124877477,15.36187343500719
336,Nala Belle,59.03041190023293,55.43816104113427,49.966403303121105
371,Willa Belle,57.489185013695405,68.28482293674666,41.55773205838507
171,Dahlia,62.601061347145226,77.83590827547121,17.153754461222654
302,Flower,60.97609933206526,50.939944851482885,38.10144918003114
127,Loretta,59.69603597752622,56.33964473256749,19.880901206900113
393,Scarlett,70.02433124834307,55.33526483563468,8.844825410406465
322,Zara Belle,60.48953357736578,38.71953564233335,6.598876689954899
123,Hannah,60.864748400289784,78.8885168275617,31.42036942324798
72,Nora,58.503130357703334,57.56008470293947,42.14626063965063
56,Betty,59.75327019321202,76.10560228813958,18.78572691868777
385,Katie,60.57715242656016,37.9940215916315,44.741786867929505
277,Fern Belle,60.09886930889582,89.32999091381123,21.493692509974903
35,Pearl,60.186939545875546,65.77277382172556,34.254133574949975
244,Yara Belle,60.1912404125628,72.82074675053879,21.309581602815385
86,Sylvia,59.02151984183625,44.002592009964296,43.49961150814799
89,Henrietta,58.79695901187707,72.78416796037443,5.369201067481448
335,Meadow Belle,59.609216588608184,44.52233808035576,19.47523582724499
295,Yara May,58.084905986884706,32.82692827764296,82.50003901686537
60,Nellie,59.19142472321782,68.05926272107386,24.917832326585515
49,Juniper,46.89306093112737,48.49747084990068,39.341617018442115
309,Misty,59.84264381678794,48.21214589112306,25.037989182272845
182,Olympia,60.941888265168664,76.78929262532878,45.04129195627968
361,Mia,60.1097140969996,50.87609279112596,36.48849661155864
97,Harmony,59.4034778911033,58.67017556459386,25.832220196136294
27,Lucy,60.58826720158133,47.0623693249518,22.37862459932193
79,Bonnie,48.99296604839543,0.18804518021459238,62.969411620993355
156,Octavia,58.00141533956721,58.36120226003753,59.49820912662032
113,Xanthe,59.14824059886243,65.99963033664079,31.53581355452371
134,Seraphina,59.69126080136096,46.77551598413943,37.460697623584096
261,Peaches,60.13795287232031,71.57021735900105,6.556204035016549
42,Minnie,60.65751620813747,70.89012497243336,0.0
394,Tulip Belle,60.519793056005405,12.59884034459327,46.99644908153687
388,Nutmeg Belle,60.15331306994107,98.72091050667989,22.95690277417993
119,Dinah,51.39810311120942,51.11621084571722,57.0831509441794
32,Annie,59.52147479741157,78.09636961269636,22.738191203080763
285,Nutmeg,59.51248698335837,43.15970703208791,38.82989067697795
212,Stella Mae,60.76870902580098,74.17010452048001,0.0
94,Dolly,59.39672890942316,92.3278116515337,27.76148907866112
376,Bella May,47.06342698472657,68.58189007304522,47.799958689618705
157,Primrose,59.700278521283536,64.87477141861834,45.059270258595305
328,Faith,59.73325004350743,32.919834279942606,66.22478681736968
84,Martha May,59.82777452611814,30.04067744484187,62.1395140440342
66,Ada,59.30009919468539,49.214169921080966,26.47595633654711
50,Martha,59.555849890208414,90.7794450269506,28.50151088703295
98,Iris,48.049340905919024,92.14735864929403,18.20419794023262
298,Bubbles,59.17970979689129,39.214134029430966,65.14729604646709
200,Galadriel,58.23552837045204,23.284057711252245,77.08276367147224
164,Winona,52.10596212764229,43.06770828055053,39.50909855234608
108,Sable,60.27221744759463,53.35980936017921,24.028749779808063
293,Whisper,59.04109725202402,49.774609668072856,80.85638045574863
117,Brigitte,57.45865529285487,76.99469995721621,43.94085861133597
121,Frances,59.156191543656234,71.71129578642238,44.3811902292643
368,Tilly Belle,60.7700433790624,53.60100865303309,40.158636494605034
188,Ursula Mae,60.5894402116881,81.36034960135976,1.4169724317606054
96,Harper,60.82094469388357,73.19658119934674,59.00737407126234
2,Daisy,59.185379521152434,98.89701759142407,13.52894977654524
150,Isadora,59.768853850563815,37.02267339860212,66.69281074927311
323,Apple,59.63809036883719,64.58235225488028,18.92668971664962
221,Belle,58.91455903469962,70.34640037585424,66.95338159083224
104,Ophelia,59.357334161733206,82.1663724609065,48.99375351443238
263,Raindrop,60.02218906968799,53.720644794528255,52.83656055695951
149,Helena,57.57969222037325,29.284165250846918,76.33973358237382
173,Felicity,59.85812862562319,58.35529211149231,40.98332148826616
411,Kitty Belle,59.90670999754158,8.71414816200603,86.31479617908425
338,Peaches Belle,60.245717370849206,37.310327770381946,45.95590135962522
70,Ida,58.837456709055836,70.9062486448186,66.91992448956634
83,Lavender,60.143481856540845,51.605945473674,70.3181508235252
4,Bessie,57.85747671612467,49.91101460849935,65.83556781226909
290,Sunflower,57.69950801840761,85.6853617858609,25.575503882813127
92,Prudence,59.41071243635689,82.67920252281814,16.964836003282628
311,Orchid,58.70717026930085,64.858474132107,24.16235889112957
353,Ember Mae,61.201572896439224,42.51281119000774,100.0
395,Ursula Belle,57.456608750613995,61.73277907450953,71.41447896866025
167,Zinnia,57.63581485801062,49.10981083652162,81.32026840070057
174,Guinevere,58.26057383751757,45.647310905521586,69.81785447053346
262,Quinn Mae,67.43442224639765,73.97014769930422,19.78591231230141
196,Cassiopeia,59.97295987453996,64.10391908673276,75.49006273806116
270,Yara Belle,60.62872179003328,85.198549611824,46.96844052241869
184,Quenby,58.909020652855865,46.1841689747874,46.82625898569183
383,Ivy May,59.6586666476233,76.26171240549466,74.00557285283818
131,Penelope Mae,58.49822307399091,97.586968575928,28.933718004613617
416,Pansy,58.98605380432881,98.62969513345772,48.14920359261788
351,Candy,60.472867278806916,62.65362577019433,74.42555645829133
205,Luna Mae,59.6821144574026,42.1337326084897,78.40569668770323
390,Peaches May,59.28549811414976,84.58789830272588,29.520965294895742
26,Bella,60.566976208276074,73.80666817820767,31.330844031317223
179,Lavender Mae,63.68265040942049,70.42909082130865,88.81613331216437
321,Yara Belle,49.4721029695218,71.32965856515494,59.61092524687037
186,Sabrina,58.15557402058648,53.74781315871526,56.16262735447586
319,Winnie May,59.739009765966536,100,56.841696987854235
74,Willa,60.3649034912423,83.82225759063779,52.45731274570316
410,Jasmine May,60.83429767685355,52.948506511224025,77.78206115219615
128,Miriam,59.56305136967067,77.54602474913237,39.740317769883426
246,Amelia,59.34426720106882,58.843198419411046,51.064332055366144
193,Zora,58.139885298285904,96.74613087333839,17.72984118298581
12,Matilda,63.54035990187199,90.86940019613061,82.42398093268879
369,Uma Belle,61.14284079261751,84.81046180899789,72.5910935693526
170,Calliope,62.216044806096306,64.7384548161047,78.24874768844333
329,Gloria,58.55611498587237,56.07081804860459,80.04798167201045
58,Coco,60.780038436473504,70.19180354262987,61.67644245765291
140,Yolanda,59.873639401358886,76.68021364988972,44.09717925472032
28,Charlotte,59.372382618824496,77.26391696286883,38.726241568837295
213,Tara,60.42855088462071,32.25960640633827,78.19061911754267
350,Bella Belle,65.76451976362777,82.5881517376047,76.7772766172232
229,Jasmine Mae,61.032762740356695,76.8594288826756,68.15093426404738
363,Olivia,58.53008983005973,46.99560072981195,87.82839956076917
116,Abigail,50.687211411032884,51.57214625688497,75.59046550149935
194,Amara,54.4401921426979,48.105577824471595,73.80678807548284
51,Greta,61.404189726816426,42.93622351013034,100.0
327,Ember Belle,58.22989408942989,64.28260901970441,71.9302137439784
272,Amber,60.03404105591255,71.71794778707667,61.25863738923675
235,Petal Mae,57.76504626064994,76.23819080408296,50.59313505325972
195,Bellatrix,59.9160331691562,92.96783028951359,27.086028146669253
197,Daphne Mae,60.10302978270275,56.4337575964213,94.54234477676545
305,Ivy Belle,59.23524549100057,54.88267486184415,84.29091128174394
19,Pumpkin,59.79887978944138,60.91827808202386,71.28135316156802
312,Pebbles,61.14593889376768,58.685586558660205,66.4355955105053
