368,Tilly Belle,51.86954040717732,70.02773192929425,40.158636494605034
284,Maple,62.5809009024245,83.22459490614895,93.49596965419619
391,Quinn Belle,64.3744825167388,51.711420323268285,59.549453918712565
359,Kara,57.93290638761704,67.97049998107192,100.0
239,Tulip Mae,53.85830660563645,76.242538002761,88.50945447616668
414,Nala Belle,56.40358334175113,44.19929915250565,56.127973476320406
64,Flora,56.6473895763581,62.57125465799516,100.0
348,Zara May,63.666298961969346,59.24181306640947,55.771206651915946
360,Lavender Belle,75.9234493818449,69.69324676564477,100.0
378,Daisy Belle,57.00652637459284,74.71407935406476,80.42382997193312
13,Penelope,58.148012987829645,60.72044239843338,100.0
199,Fiona Mae,48.1864316492563,61.2591925299367,55.02620663829805
107,Ramona,53.719795805528285,64.64388265217453,82.56157666971049
291,Twinkle,74.1514937066271,69.32613710942287,100.0
418,Rosalie Belle,60.244902565891586,76.82012332375993,59.39709289252882
205,Luna Mae,76.81624788841486,61.20137940108298,78.40569668770323
279,Hazel Mae,59.26876083753333,71.79597496735788,69.46244013225625
110,Una,44.30341864746871,64.38991531424733,91.95578198280276
33,Elsie,60.91730553928503,68.94303972556341,88.36175572652343
109,Thea,54.56007106080167,44.946937513808884,86.53163508648117
363,Olivia,63.83394611585067,47.51319291224312,87.82839956076917
76,Winifred,59.87420293643774,74.52457800130567,80.93631667739581
124,Ingrid,58.13663472916992,55.48500967006317,100.0
305,Ivy Belle,61.13308309900694,40.37186403693518,84.29091128174394
210,Quintessa,60.844922690988476,58.29735939479696,70.05771480782352
392,Rosalie May,68.19147875541438,60.034922534337696,100.0
269,Xena Belle,57.9907784812098,56.592188294821064,100.0
342,Tigerlily,53.57319052862328,54.4315691091398,18.878101698181
298,Bubbles,52.37885521416037,60.96326816813473,65.14729604646709
241,Violet Mae,49.16250026302734,74.1970081312471,83.19078492969925
306,Juno Belle,58.27461611679735,52.74454987965665,100.0
5,Clarabelle,41.77885167630671,62.50241526795266,55.48211686657087
129,Natalie,63.12297565731805,67.77072323872083,86.25910683365714
59,Eleanor,62.99003897572275,53.638778435141255,83.88839997417709
53,Daphne,53.982929495028884,54.49181098304218,58.52341324317557
218,Yvaine,60.37918740132333,62.03323093053682,84.31000082936953
51,Greta,59.644717530851146,59.87914976379789,100.0
104,Ophelia,63.973197700027136,58.28735396108327,48.99375351443238
208,Ondine,74.66321144177984,64.27087594675376,100.0
17,Petal,72.02619437474708,52.76435416701146,100.0
182,Olympia,51.2750673958421,56.76139002275808,45.04129195627968
132,Quinn,58.715154718528304,72.71618411121065,84.23940177250341
341,Sapphire,65.6699920851142,48.54476583942677,100.0
265,Twilight,52.51693081211099,49.54671746278798,44.50802778887333
179,Lavender Mae,72.67771300932745,66.81387515338301,88.81613331216437
409,Isabella,56.95603914724131,75.6372686105185,61.68529227270035
117,Brigitte,52.302160878634965,48.48206968268079,43.94085861133597
139,Xiomara,66.1984035509557,46.993613896915846,100.0
308,Lily May,61.477167369783366,65.70131188152108,100.0
85,Ruth,62.35027683779737,43.285461812696745,41.67141222258546
350,Bella Belle,68.92307532824726,71.59909337698093,76.7772766172232
15,Hazel,61.3629946298338,59.6067513289729,83.0274258777744
399,Yara May,66.82713960830581,65.17385157379456,13.82461071959603
267,Violet Belle,52.04644226113032,54.73439260053999,83.52461069033635
165,Xena,46.10989350303098,66.95630499265103,7.41370768225957
374,Zara Belle,58.188199311894365,74.36165800377026,78.53555805338056
214,Ursa,52.32042469341032,55.83080154115388,9.93529163521034
88,Tabitha,63.39481212588923,46.70693385345592,100.0
393,Scarlett,73.14789335634721,51.07816239666037,8.844825410406465
100,Kitty,63.62084461854309,58.51305510541593,97.79374802628925
37,Winnie,39.54162557986102,58.808644517277365,1.3813068620934246
232,Meadow,63.25738442396024,70.98646072704997,80.33564097704574
233,Nova Mae,70.86087986448368,61.341834646919374,0.0
247,Blossom,61.258397954202565,61.488040399433956,81.38329008170857
147,Faye,71.02395921152538,61.603681811010205,0.0
3,Buttercup,69.85433877488572,53.7132113118062,84.99274923222447
255,Juniper Mae,66.8846376805153,52.39765227014212,0.0
250,Ember,47.44231010689688,57.78716313946362,73.96190964377153
260,Olive Belle,61.54233732301826,51.11854310750563,15.485333211369912
42,Minnie,67.93768575703596,51.7834968396223,0.0
190,Winter,65.416607053787,53.83845936377498,14.924230035103953
297,Angel,71.95779254460128,41.7393515359195,7.771587973016459
288,Quinn Belle,55.472565797570105,47.588225799595214,3.147774877120497
401,Aria,61.38664406093985,55.70993310048969,29.97545317023558
71,Esther,62.23118113903276,64.40890342640958,9.616408691364825
27,Lucy,45.08363501968451,58.237025986690206,22.37862459932193
207,Nyx,71.43988159941607,58.82441655244559,19.03778479137982
234,Olive Mae,58.70331741309923,55.35928992279949,17.05893551177852
63,Gertie,70.37762962643106,37.51222006382524,0.0
35,Pearl,52.97853147341731,52.52601236334197,34.254133574949975
30,Sadie,64.80333380814093,65.83960386801405,14.678608600970101
77,Louise,60.82474228578354,73.43016533801315,17.305774433071598
43,Olive,54.85197227149995,50.46797399911762,34.546375336127326
183,Persephone,64.22892020552179,74.80421424852511,22.215255503030715
82,Josephine,57.65746443519284,47.860597841400526,42.954418352005376
54,Fern,56.303667704774305,60.51612982387958,24.9690887382335
168,Athena,67.0258913184056,49.98334425559641,16.48477173283078
215,Vesper,65.61347306680392,50.123198988318435,0.0
94,Dolly,54.867735966421264,62.64825948162768,27.76148907866112
237,Raina,64.24246250333407,64.54921160401274,31.03886781510989
236,Quartz,61.14071976302031,68.65174768747764,0.0
365,Quinn Belle,61.7441346193338,56.06087773760566,3.791541369162779
411,Kitty Belle,63.14762976145356,54.895707058872716,86.31479617908425
163,Valentina,82.12913198930853,62.47983305540955,29.40240527106997
97,Harmony,55.661865077004,60.707281761378596,25.832220196136294
67,Harriet,53.60016394596825,50.69783991647652,23.86478980938031
227,Holly Mae,81.08102311777871,52.00541466016823,38.376739168508
191,Xanthe Mae,62.55069445881074,84.30509098876223,18.430176481509886
56,Betty,75.91714757672611,66.94859646985076,18.78572691868777
266,Unity,63.38902887490327,58.129813359639954,0.0
36,Rosabelle,61.34527758717855,48.29773331693623,4.744572594701708
379,Ember Belle,46.55570455210433,69.79703877536856,24.639262701125016
381,Grace Belle,72.8594646998679,58.98148543116948,46.46916687817712
417,Quinn Belle,60.54514944003172,62.20098572245362,40.83631528008176
91,Maeve,44.84497070575578,64.05027362534953,31.03826692613989
121,Frances,55.49650873267029,47.94728272621212,44.3811902292643
282,Karma,65.7838887752821,47.13161876593816,32.60952815841711
2,Daisy,58.10870151748837,59.28341401827357,13.52894977654524
344,Violet Belle,57.63596518453233,43.41446148864341,24.486632464815237
328,Faith,63.96233542968918,31.988150281408,66.22478681736968
48,Delia,71.27122683310621,71.59636979490404,13.824862151210986
108,Sable,54.51258639474021,56.24749342242621,24.028749779808063
415,Olive Belle,66.72779057290839,68.11201333062358,0.0
387,Mila,63.378155646183025,78.23316818181502,25.74279224472561
72,Nora,57.85653603639079,60.758232225829474,42.14626063965063
126,Katherine,66.39298608356583,60.45840770419841,21.868079816249026
332,Joy,59.29594443353036,56.33979887174805,11.614157629266245
275,Daisy May,70.73093629790864,70.60368532832882,36.64221923821166
238,Star,42.60895342122062,64.02407033289023,43.74397359810099
198,Eowyn,67.42856645318464,68.46086174940294,33.753344564485104
314,Rose,68.46980018166154,56.47169537378026,40.47138124964739
171,Dahlia,78.24076539034212,70.0129100420244,17.153754461222654
203,Jade,73.42342786487163,61.969083576533066,51.06688287935686
18,Dottie,58.10160853382628,44.12590544430321,62.74886744314247
78,Agnes,60.40306139731392,46.8404326176308,55.47399935075492
337,Ocean,60.493625385557536,55.09792436670561,32.075803377257884
231,Luna Belle,71.99334699072261,70.56335113005636,3.8812457744695905
372,Xena May,44.60635666709685,39.37061245174066,73.37820915990186
323,Apple,51.964248729679476,75.65229169785846,18.92668971664962
50,Martha,69.40049383299721,62.3361212862476,28.50151088703295
144,Calista,59.91430704336514,65.39953368184173,21.93261941696714
212,Stella Mae,54.710541345605876,77.54569931022242,0.0
7,Holly,48.00328256199248,47.973185513012716,25.805711651208018
24,Jasmine,57.461409588896174,39.24793988370267,29.691852285351487
25,Lily,52.43153884539655,49.42333464357239,67.39631608750503
303,Grace,60.94569380808348,46.825752168149194,56.20330623245677
349,April,60.295742800561555,53.49949996161226,32.71759918431782
180,Margo,47.19125909919483,55.968600173736135,24.31661590355249
9,Luna,60.76763366170157,73.99010344598189,0.0
130,Odette,77.23412316748166,58.82302349926764,0.0
354,Felicity Belle,42.97100686657688,63.724215887624936,55.41818738776739
285,Nutmeg,64.62756504569289,51.34820999499763,38.82989067697795
75,Adelaide,77.9639058246898,52.178268447186596,34.52114947546283
419,Sienna,61.1601849830175,77.33229263765217,0.0
316,Trixie,53.039200930359044,57.05321851391681,61.59851206549226
271,Zara Belle,55.03527836380124,55.5906789981451,52.48133991718692
113,Xanthe,69.25418128772087,71.94665914619249,31.53581355452371
69,Cora,65.4209900102583,79.62457528371861,5.721675567880197
283,Lily Belle,85.64108746633862,46.88100518463362,33.59568354204245
366,Rosalie Belle,75.54455069492593,48.05385035542834,93.41409512175214
317,Utopia,60.714932134683664,62.64251497069776,62.73102323906643
339,Quinn Belle,55.29883888138747,62.31252276084638,58.3443966010704
22,Clementine,74.22582407030394,63.86894983552841,54.39456457684616
150,Isadora,67.64311817340014,42.91970637398771,66.69281074927311
258,Meadow Mae,63.8399818457655,55.68601746782631,46.29540999299665
262,Quinn Mae,78.9189708397911,60.252367027886244,19.78591231230141
264,Starlight,40.79983128392794,62.288498197306524,60.33637488396256
333,Karma Belle,51.26637976603818,63.212609587747174,54.434099157928024
34,Millie,47.88081456083015,67.20789786266873,46.2008766368871
362,Nora Belle,56.613758604620394,67.40183620598518,40.498148130339096
335,Meadow Belle,59.38291649499506,70.14559964186549,19.47523582724499
98,Iris,44.024741105716224,68.16580382243052,18.20419794023262
301,Ember Belle,63.65739673006718,53.74372805826079,25.147697336230507
304,Hope,65.2489973049067,74.90071300873008,38.6102430672202
310,Nova Belle,63.40041126808962,53.91297415606826,73.69677834658361
259,Nala,39.90171787888499,65.90620826588454,46.34167829929327
157,Primrose,64.73079334291376,61.05649968034707,45.059270258595305
406,Fiona Belle,71.67037636570892,57.27653820796054,43.529214416016046
49,Juniper,45.07386452977259,58.41064020700746,39.341617018442115
137,Vivienne,61.18939416928393,50.08801342313481,40.71937867572966
243,Xanthe Belle,47.654275558823876,41.09261498741657,40.75104133755657
99,Juno,59.20625289223575,66.92705657604,61.29993186726804
166,Yara,77.23763988793876,58.65919869838809,81.61806503634088
8,Rosie,70.06157542508645,58.11514823783005,60.83725175609225
253,Harmony Mae,59.11902445810758,58.34452235054731,48.715729223308855
413,Misty Belle,60.58940416633799,55.34767230414034,43.444412548880564
327,Ember Belle,54.8330115354164,68.0311582697895,71.9302137439784
410,Jasmine May,60.32934823624922,55.69768825659761,77.78206115219615
330,Heaven,61.78838704647977,58.4680415585193,65.36485530721502
125,Josephina,48.73630371654765,53.05450738888809,54.031203654485644
128,Miriam,61.03514085295365,61.15041561248651,39.740317769883426
127,Loretta,57.01922389189807,71.78252444505497,19.880901206900113
293,Whisper,59.392512340478596,59.14919562578707,80.85638045574863
209,Pandora,59.46016889618373,63.59372272533426,59.45635231930545
384,Jasmine Belle,51.27477792281169,56.74239633250531,50.625622569234515
68,Mabel,37.85781091240366,69.53187587867242,28.639046178983996
404,Daisy Mae,62.35375886356517,65.571725502079,80.82726400095856
83,Lavender,62.558145042176655,64.04464197470584,70.3181508235252
251,Fawn,59.77497870489488,61.524478103746695,58.58965464723371
225,Fern Mae,61.511724185511625,65.2403311786759,41.09097666912308
118,Camilla,69.79012671271262,66.37592201156531,71.23725420933042
162,Uma,58.52705868930757,66.70540727511062,60.039566322031334
416,Pansy,55.99008404227256,71.63524084146331,48.14920359261788
93,Sally Mae,56.48844788630897,58.677475652976895,59.02006784161211
270,Yara Belle,65.67511240043395,55.32912792181521,46.96844052241869
274,Cocoa,63.220173559418186,61.87098020265091,84.72801685475343
29,Stella,62.322168578716024,57.78891291517848,77.16827856008821
148,Gwendolyn,50.88198656145772,61.28021105137701,62.763865043904985
302,Flower,57.59556079411222,60.775479117712784,38.10144918003114
192,Yara Mae,57.12840967652399,55.01785473710889,41.17768050664687
346,Xena Belle,71.56047201486936,54.03133869338494,91.85173592469657
155,Nova,56.281373090136,60.497971866571106,74.75974166519512
4,Bessie,53.06805851741402,62.046702004128214,65.83556781226909
87,Tilly,60.086584195647134,45.00891894951739,64.75540038248161
278,Ginger Belle,72.3699727451249,71.42268142388869,76.94190767875007
120,Eloise,45.33047526780715,57.58223933547719,57.777984981208206
201,Hera,47.40301068857242,62.28498928856369,50.31917041608622
160,Serena,35.1932415820928,60.313925957189504,93.73423125138618
172,Elara,53.61894463189087,48.054134121845955,100.0
55,Opal,59.624492223126616,65.08669504789114,68.90968519657295
58,Coco,65.10935460942991,65.86398306341727,61.67644245765291
140,Yolanda,63.87260239884092,74.19041774867348,44.09717925472032
213,Tara,59.516871401652224,68.72111100082097,78.19061911754267
200,Galadriel,57.553519155602295,63.41482247649487,77.08276367147224
383,Ivy May,64.00531169103186,53.52516096211832,74.00557285283818
325,Cinnamon Belle,65.88410983986122,67.5402959846846,42.662839940714186
386,Lavender May,59.07042107175031,48.54858902309647,100.0
154,Miranda,42.156425989935165,73.01197863578638,68.74326646130689
45,Delilah,57.20826673105761,64.21637727936901,59.887233108014826
380,Fern May,71.36789912941589,57.802936899959604,59.45129867788923
114,Yvette,73.01018741138107,60.0578762915995,100.0
286,Oreo,63.01323099363955,61.18553891113682,87.19711100544703
289,Rainbow,59.74403278460531,64.50922766408804,63.07053977352753
351,Candy,75.27203226680511,49.50256698275414,74.42555645829133
321,Yara Belle,46.317087961696075,69.36173537151892,59.61092524687037
106,Queenie,54.05037478096734,73.07739934249318,85.81188736729314
326,Daisy Belle,55.363159071535854,72.38176237821152,71.16582932709801
197,Daphne Mae,65.57090724456043,57.38611261279647,94.54234477676545
116,Abigail,46.39739420885234,45.563227865354904,75.59046550149935
41,Maisie,65.94526004720524,68.52352616026917,74.70516656324033
122,Genevieve,43.518428828429286,63.617288160293796,54.014256856812516
382,Heather,49.53458255511368,74.20049764846605,62.12512525672577
319,Winnie May,55.313814530849285,75.42741762033803,56.841696987854235
47,Marigold,75.81622852567409,58.86888548099063,67.40833981388917
151,Juliana,63.228147622010034,72.4544393417987,45.21506791974581
111,Veronica,63.768057176519505,66.8385979602623,49.66613801050426
158,Quincy,60.023114653241414,62.23086332799025,46.49556087716784
153,Lillian,49.477473942686416,53.49450615205566,50.01521986989301
309,Misty,58.654058889786086,73.88478370530535,25.037989182272845
345,Willow May,46.795650102201726,58.04743731896155,34.83927764157668
219,Zephyr,81.09612716565007,56.225722415632724,33.41197235602148
65,Gemma,67.04739995236747,38.145375108941494,41.358168167645324
396,Violet Belle,60.112509457241394,47.821240355282676,35.171432034743646
245,Zara Mae,59.82876641852144,67.19103225278045,0.0
52,Tulip,66.38543650722725,60.698736014647636,2.009997239864056
240,Una Mae,65.00211730340538,57.44723108548634,0.0
11,Ginger,65.92012937904214,51.26207220264444,10.766411349424544
248,Cinnamon,65.44501824835984,47.566711604638975,0.0
405,Ember Mae,57.36498406134236,39.69596256781322,19.147446298770948
373,Yara Belle,65.16633085226063,51.19548669784333,0.0
211,Raven,63.14269988140991,56.058093298515935,0.0
318,Violet Belle,58.08027802915801,49.54726422562309,17.390075351307573
216,Willow Mae,50.35048703269461,56.180775578299496,0.0
257,Lavender Belle,60.909499876058305,60.11492761506277,15.618533889861986
277,Fern Belle,58.288953713021726,64.75699045182465,21.493692509974903
315,Sky,81.17072584114986,56.76884708490383,26.390064946713814
46,Honey,61.24188965922466,71.40346142770858,5.477288364812608
143,Bianca,47.53100082772806,53.560614220823744,35.8259926911321
273,Bluebell,59.71386792710237,38.506004484230196,42.899831224959705
177,Jocelyn,60.76437385942363,53.45179573661309,23.408351652743086
81,Imogene,49.645479657031785,54.24152670816608,16.87390728369757
280,Iris Belle,58.8230646599631,44.50209346702086,42.32588377270336
252,Ginger Mae,67.75649439861635,54.01383343439559,20.00415306278976
242,Willow Belle,65.73427317262387,73.66360188245072,18.83247961057288
402,Bella Belle,80.2465565426286,62.80372674882343,19.48989101302382
292,Violet May,71.12963845058208,53.623284099366245,23.548194121686763
169,Brielle,86.96151802865114,61.977894660684655,3.385035494074316
388,Nutmeg Belle,66.79505042097803,71.79110547347993,22.95690277417993
152,Kiera,59.77664370322354,53.60475078852052,35.937992469871375
394,Tulip Belle,59.884445240644844,51.254068816976684,46.99644908153687
90,Lorraine,59.80496140317667,61.61422630081027,33.94115951652263
115,Zara,60.09775982355352,55.4559828352699,34.535249441990814
134,Seraphina,51.39564255111822,45.7839772469046,37.460697623584096
176,Isolde,64.25720823230466,56.65706959101777,14.754022763006404
188,Ursula Mae,60.925881085167816,35.08321548636088,1.4169724317606054
246,Amelia,62.736934823578956,43.961292419498804,51.064332055366144
294,Xena May,63.513295061016414,67.96027187395424,19.302116184787142
10,Molly,54.454349062533865,49.148729989932505,8.581105505706333
364,Paisley,60.33155953188178,59.497110096959425,33.806393195396375
195,Bellatrix,54.46409113981739,74.02718794084454,27.086028146669253
89,Henrietta,53.78675433811156,77.27513946487147,5.369201067481448
358,Jasmine May,63.70075759897599,65.13030517905752,4.255439917767674
173,Felicity,57.943193652273344,68.45582803120887,40.98332148826616
217,Xena Mae,66.25871151794618,62.33882465941567,19.70146529511383
296,Zara May,59.82712545152004,57.8703643207979,14.432529818277473
355,Giselle,65.91058271164268,58.63013889501101,0.0
356,Heidi,59.92869394168885,56.52727875760897,0.6766694672996536
324,Buttercup Belle,60.02118053868005,60.34343022774321,49.300251287929015
133,Ramona Mae,66.68070863324148,55.49784605150702,47.22545831209767
26,Bella,61.68322431329089,56.73665307381343,31.330844031317223
370,Violet Belle,63.446741605957946,57.339067374951085,25.342202352669247
261,Peaches,57.727812380096175,50.51218127910618,6.556204035016549
235,Petal Mae,48.876876241859435,59.37253374883313,50.59313505325972
338,Peaches Belle,59.937795075399265,57.662162139448036,45.95590135962522
340,Ruby Belle,56.72340953245662,45.6116390498458,54.72755380525175
123,Hannah,59.518568579958846,63.83584753619355,31.42036942324798
299,Coco Belle,69.81713139840322,57.9143193200786,0.0
407,Gloria Belle,69.060906735929,43.007118553535136,4.960921172618185
186,Sabrina,66.59992716497206,49.23462539164797,56.16262735447586
60,Nellie,60.9274385236071,74.85142964450884,24.917832326585515
377,Caramel,92.5659150204437,68.19144259059033,25.05239339858086
206,Maeve Mae,60.60112436456034,53.29948919118394,34.61049046781984
322,Zara Belle,64.61533409657353,66.71697007875618,6.598876689954899
102,Magnolia,60.02964438319213,54.034323843817305,7.921143474914004
138,Waverly,57.5512866204515,65.25572953222256,34.56253840356732
223,Dahlia Mae,80.66146328694103,64.2952283619198,11.52322953465346
80,Edith,47.5326600441641,59.43596329848743,27.950803222197695
145,Diana,68.37100791625623,50.42890087389385,33.34190354647399
244,Yara Belle,63.02918864447447,55.0536699055704,21.309581602815385
221,Belle,68.83921554601436,60.20858152140772,66.95338159083224
184,Quenby,57.938533410970166,47.92476346072543,46.82625898569183
389,Olive May,44.430767311384,58.212930509300655,29.567240893017406
408,Heaven Belle,62.55254739638999,56.17983021441776,27.277996043903663
66,Ada,60.5467645639543,47.73116532217683,26.47595633654711
397,Willow Belle,47.993343121840375,50.92617268451744,11.607689919523786
369,Uma Belle,65.27639375113931,50.030841623994625,72.5910935693526
74,Willa,58.82886418516892,68.39974398473439,52.45731274570316
256,Kaleidoscope,46.1732954673505,49.690676415989344,59.20861935349502
40,Violet,60.20714410568062,60.83683987969224,43.20772383101649
385,Katie,51.72829754197064,53.71423610095636,44.741786867929505
73,Hattie,45.42175577964402,70.51233372822293,23.95723373524257
164,Winona,44.20337199966963,46.868726644659546,39.50909855234608
62,Rosie Mae,60.59640664200709,58.3591793060977,72.02024036451519
395,Ursula Belle,55.59734733716604,54.76895373615358,71.41447896866025
336,Nala Belle,54.366362262183735,65.79309801962836,49.966403303121105
32,Annie,59.03934087013341,81.85741517353654,22.738191203080763
189,Vera,72.94963826913809,48.604449553803896,51.05602499834644
334,Lily Belle,46.76869286370668,62.61128491647751,22.843629417852917
131,Penelope Mae,73.94539414884085,53.79787191535715,28.933718004613617
185,Rhiannon,55.56710310997772,59.48839009959758,67.23599450376925
313,Queen,42.430417454531316,71.6482477238749,50.20795771193847
103,Nancy,57.83398818658109,65.81460525947547,65.84583171002089
357,Isabelle,63.74661351312659,59.71105566107591,67.62296658551571
398,Xena Belle,63.62310335021414,60.56101569892216,51.80758664108431
347,Yara May,73.07497638858612,76.6547747664768,32.07053580691137
343,Unity Belle,59.9839126313961,80.9236632630751,15.36187343500719
92,Prudence,59.280861406310514,67.1954497938599,16.964836003282628
320,Xena Belle,45.73821800534969,68.9409419583154,68.33565059190789
249,Daisy Belle,63.467546338129,75.30633180081527,51.477786259373474
263,Raindrop,69.21938419789348,65.50336451202453,52.83656055695951
135,Theodora,52.590953065566175,38.19086427227629,76.45981606398061
21,Willow,46.04623173929257,55.53850456914235,55.77480390178067
367,Samantha,55.69477622247779,76.84309590289752,25.95943300139085
159,Rosalie,53.67312207272864,78.61019129521517,20.898935320976243
31,Lola,53.44819880559377,59.624972701471386,33.427134761395976
287,Pepper,60.53990255167423,59.651293385870495,28.306458343693116
361,Mia,55.918138719175175,47.775151349417555,36.48849661155864
420,Tulip May,54.053257252908516,62.93350851228904,43.43426081930175
119,Dinah,45.43178240536747,53.29034459932666,57.0831509441794
311,Orchid,56.51530803114153,80.35163672617783,24.16235889112957
390,Peaches May,60.19882225264435,61.9148497928464,29.520965294895742
307,Kalea,83.57428664384173,60.327524216855764,21.822855938501707
6,Clover,46.846433834972025,67.99388556714612,51.86477637845585
400,Zara Belle,42.984847999812594,60.04435683928847,53.10304243145749
142,Aurora,63.36550985199688,69.26421330858928,67.13559405579488
141,Zelda Mae,80.54689539045704,54.88475541747715,87.25394864866774
161,Tallulah,62.9503280773968,43.96064860610236,94.24673690282782
146,Evangeline,56.848704748873566,54.591658005389924,71.0477725744291
1,Mooey,59.80731106616794,56.36030955681542,62.90021199141762
79,Bonnie,41.692616074271015,46.970863048672115,62.969411620993355
181,Nia,62.74705340038394,72.079961759436,32.014312373863035
375,Acorn,61.469767190697915,63.35972141534128,36.53211232538775
229,Jasmine Mae,66.81182456105638,70.6420375635427,68.15093426404738
194,Amara,49.82041131985373,45.805741225104754,73.80678807548284
290,Sunflower,66.63077140777142,78.24200362283743,25.575503882813127
376,Bella May,41.849018486574096,50.519815140363306,47.799958689618705
20,Ruby,51.74967960204275,67.55976732459672,69.68823671458182
331,Ivy Belle,61.41842082314165,57.32623911687572,87.07919241392312
149,Helena,58.00248966398965,49.371666242183856,76.33973358237382
70,Ida,62.644169804098986,53.76967387377044,66.91992448956634
16,Freckles,80.37663613721367,79.38709428433401,35.369430223693115
403,Cassie,58.277302399091205,52.19293524861909,48.735372461738535
276,Echo,44.564982689849295,80.06586127110722,20.743299494994925
44,Georgia,56.193548676107504,50.75388713627481,100.0
95,Gladys,57.60153224564011,70.45265647171985,51.15944957964427
226,Gypsy,62.7389383884237,65.22910260270858,86.24318177382722
224,Elara Mae,56.188699024025496,72.3067236855531,69.60176582284927
371,Willa Belle,70.12175053373103,49.34166438893004,41.55773205838507
196,Cassiopeia,59.18938253669371,56.00121216709713,75.49006273806116
352,Daisy Mae,59.238267038681926,68.23713767661141,52.75976059746103
96,Harper,60.109284867708986,57.212567041656925,59.00737407126234
272,Amber,62.6898596727887,48.53344809272814,61.25863738923675
228,Iris Mae,59.657887590041476,40.04092341818603,64.18035659020902
38,Beatrice,65.63459020909426,67.45039311541399,65.50010887472308
19,Pumpkin,63.501462780503815,55.361137006215614,71.28135316156802
187,Thalia,54.07806735585298,68.18143632447055,46.209972283928956
193,Zora,65.56220369738573,81.79961098708272,17.72984118298581
295,Yara May,50.72921164389038,68.4796795846417,82.50003901686537
312,Pebbles,63.212290330053385,59.26210664322393,66.4355955105053
204,Kira,73.6406373926217,74.82662392176096,47.03755901577599
268,Winnie Belle,58.239023970255744,80.54519155133526,33.88653112230915
28,Charlotte,70.32687878857476,71.169140614911,38.726241568837295
412,Lavender Belle,55.82990927257386,59.198963641098445,69.6838186607624
202,Ivy,56.83918874717936,54.0762487902426,72.30880662309471
61,Zelda,48.9080606736392,68.76504079258339,47.11504523133881
86,Sylvia,61.11377575305245,66.27777379255862,43.49961150814799
156,Octavia,66.32165232341768,44.1874200889974,59.49820912662032
12,Matilda,56.8537844336037,74.28334314519846,82.42398093268879
23,Poppy,62.66716665624449,59.20036567149019,100.0
329,Gloria,61.112186753556905,63.29126743288236,80.04798167201045
174,Guinevere,59.376354947508986,51.61392907894691,69.81785447053346
222,Celestia,31.44575735670085,43.7980783161362,67.47862863190866
175,Hermione,71.85369571683684,70.10460814071538,78.76899887271583
101,Lacey,54.27273216617051,57.97143386645441,85.37359925655221
136,Ursula,66.8936854084712,62.43409408817496,62.54099039497112
84,Martha May,58.61275273738784,59.59942388725523,62.1395140440342
230,Kismet,61.59507955271396,62.709347954405565,99.06315715984539
300,Daisy Belle,60.5415081126969,57.11748656734992,100.0
220,Amethyst,73.71440552416654,53.5966591126784,73.02536624280881
39,Phoebe,66.52755220783587,52.86443855574032,93.48674699317641
178,Kaia,61.7197946272641,74.45167416509757,46.41912251740441
14,Fiona,54.17930115664742,74.56752022190457,62.433280941281716
254,Ivy Mae,74.2143166025687,70.16400515743373,64.35836122310374
57,Daisy Mae,55.835380373797456,69.15100345087143,58.528285781907265
353,Ember Mae,54.91668398035197,65.70679900817464,100.0
281,Jasmine Belle,60.57346630995246,50.289542193497525,99.43826208035486
105,Patsy,47.185731348575565,82.74047243922884,62.523800388958875
112,Wendy,63.99183405860496,62.897722571719854,73.77893511511023
167,Zinnia,59.22567263972873,50.669246188300264,81.32026840070057
170,Calliope,61.17899614853129,49.08655201347002,78.24874768844333
