1,Mooey,60.69730859790819,56.33756470055573,62.90021199141762
2,Daisy,59.83361104231732,74.466391653457,13.52894977654524
3,Buttercup,64.79011915368729,46.69187117527565,84.99274923222447
4,Bessie,53.464452466528385,60.276610363957886,65.83556781226909
5,Clarabelle,43.74909875736468,48.54303796288481,55.48211686657087
6,Clover,45.56950791845638,58.4705980181878,51.86477637845585
7,Holly,53.760231086686105,59.481511442573506,25.805711651208018
8,Rosie,63.52793582875079,56.537214345337986,60.83725175609225
9,Luna,60.35085630647388,61.15290556508815,0.0
10,Molly,58.05296845698502,47.047310744315546,8.581105505706333
11,Ginger,63.82805756503605,69.54459346341878,10.766411349424544
12,Matilda,60.88683566336869,70.50759069516272,82.42398093268879
13,Penelope,63.909457884927114,78.06622625548178,100.0
14,Fiona,60.74692335487848,82.41775798641174,62.433280941281716
15,Hazel,60.60614187116674,57.01950176605298,83.0274258777744
16,Freckles,77.96890382479924,59.967187540212535,35.369430223693115
17,Petal,69.80289748967253,61.981249056393146,100.0
18,Dottie,60.590041326347894,37.51821548542139,62.74886744314247
19,Pumpkin,61.18280152910775,74.22358015588576,71.28135316156802
20,Ruby,54.58536906296633,56.04028747280641,69.68823671458182
21,Willow,48.35800557762288,46.017586840395836,55.77480390178067
22,Clementine,68.56983538728775,73.24095917047687,54.39456457684616
23,Poppy,63.10418046722036,77.04906982135142,100.0
24,Jasmine,61.330941615285724,17.640358351417426,29.691852285351487
25,Lily,51.4305370168923,42.88204872774694,67.39631608750503
26,Bella,60.01393627181672,54.51988326460341,31.330844031317223
27,Lucy,49.02235110952724,43.97529922454713,22.37862459932193
28,Charlotte,64.80188784363133,64.48129473930724,38.726241568837295
29,Stella,60.79290500395546,60.299432111709415,77.16827856008821
30,Sadie,62.40793200363312,49.98629787380014,14.678608600970101
31,Lola,56.89976558580792,42.5102844598645,33.427134761395976
32,Annie,59.918348692914485,94.18017888270136,22.738191203080763
33,Elsie,59.279562086154534,76.63961366831481,88.36175572652343
34,Millie,51.20326391758756,87.16946377672166,46.2008766368871
35,Pearl,58.305711340732614,37.70549160646197,34.254133574949975
36,Rosabelle,62.121297859733595,50.01426934157932,4.744572594701708
37,Winnie,47.46091007715607,64.34070207526098,1.3813068620934246
38,Beatrice,60.46666822710921,62.59373281047899,65.50010887472308
39,Phoebe,65.07981553037928,72.06899553357886,93.48674699317641
40,Violet,58.019159140817784,52.901266525540144,43.20772383101649
41,Maisie,64.81253079392181,72.81704669100868,74.70516656324033
42,Minnie,66.75271489215484,57.464130153928934,0.0
43,Olive,57.24725365056367,70.57102541625795,34.546375336127326
44,Georgia,59.77710110034088,57.701083618759746,100.0
45,Delilah,56.57797409975191,53.22718887381341,59.887233108014826
46,Honey,60.45624833656695,72.11839806423225,5.477288364812608
47,Marigold,68.69496126621877,35.77576174698724,67.40833981388917
48,Delia,68.63388786240827,68.1188272183152,13.824862151210986
49,Juniper,47.13828806705626,63.24229677499993,39.341617018442115
50,Martha,68.81661633560346,69.96740733855681,28.50151088703295
51,Greta,62.258977933757855,37.98968386806868,100.0
52,Tulip,63.9602640698922,79.20372617708071,2.009997239864056
53,Daphne,57.54904985992277,41.467004235948664,58.52341324317557
54,Fern,59.49994780737232,71.85021397884614,24.9690887382335
55,Opal,58.696179446702885,68.10900460152764,68.90968519657295
56,Betty,71.5388295038462,65.0420676676598,18.78572691868777
57,Daisy Mae,56.75043167238917,67.77178060900472,58.528285781907265
58,Coco,60.39337643982822,84.49270840050784,61.67644245765291
59,Eleanor,60.390152934209546,40.44758539715407,83.88839997417709
60,Nellie,60.45206887909604,64.17155778730373,24.917832326585515
61,Zelda,47.55678909328193,94.05837402174234,47.11504523133881
62,Rosie Mae,57.674778119350314,43.73621367668248,72.02024036451519
63,Gertie,68.27504079824807,48.812812376133806,0.0
64,Flora,61.52721115636659,75.40584806276395,100.0
65,Gemma,65.02406229337,40.78048566176215,41.358168167645324
66,Ada,61.12600812259731,55.4864331350643,26.47595633654711
67,Harriet,57.92987922592351,40.87283663721652,23.86478980938031
68,Mabel,40.097517778739615,86.05362016894239,28.639046178983996
69,Cora,64.41355517557258,71.43674531428172,5.721675567880197
70,Ida,59.47406890802498,49.512548274546255,66.91992448956634
71,Esther,58.96511592277851,76.88376043117337,9.616408691364825
72,Nora,59.25216483145622,55.36689929496676,42.14626063965063
73,Hattie,48.38531368530205,73.1390161427544,23.95723373524257
74,Willa,58.50018760749725,66.68118281974935,52.45731274570316
75,Adelaide,75.21856839099405,44.872603731858234,34.52114947546283
76,Winifred,59.58001194380314,73.68498967304345,80.93631667739581
77,Louise,60.6620709669107,56.41838554160853,17.305774433071598
78,Agnes,59.52229860413646,63.48314623155404,55.47399935075492
79,Bonnie,42.71339025092106,37.17527751253699,62.969411620993355
80,Edith,52.071963274437834,56.02064044925794,27.950803222197695
81,Imogene,54.54495601666249,42.4540514775528,16.87390728369757
82,Josephine,60.57205778356818,48.65053520277976,42.954418352005376
83,Lavender,60.43116113968127,57.6842032596841,70.3181508235252
84,Martha May,59.30799384218672,46.96720348087989,62.1395140440342
85,Ruth,59.334895828333295,51.551983226204605,41.67141222258546
86,Sylvia,58.32438826071516,66.338082299069,43.49961150814799
87,Tilly,59.85577923507441,48.75603720214607,64.75540038248161
88,Tabitha,61.33231012353212,58.60630041419624,100.0
89,Henrietta,57.795752625906616,79.21342261818096,5.369201067481448
90,Lorraine,60.380863324860876,51.44550172891968,33.94115951652263
91,Maeve,46.90697947079454,78.40161713547863,31.03826692613989
92,Prudence,60.01855310896914,79.67221733222088,16.964836003282628
93,Sally Mae,58.895650900761886,58.22243777613842,59.02006784161211
94,Dolly,57.396791651356715,76.51972233844191,27.76148907866112
95,Gladys,58.0277995093437,69.0786197746687,51.15944957964427
96,Harper,59.265361985321924,69.90514819754638,59.00737407126234
97,Harmony,59.896590944649326,57.47325361365383,25.832220196136294
98,Iris,45.49237010888052,81.1948116269956,18.20419794023262
99,Juno,58.50158640537882,80.36415574034073,61.29993186726804
100,Kitty,61.77076584779452,65.72019048445813,97.79374802628925
101,Lacey,59.10034439102555,47.52693428594522,85.37359925655221
102,Magnolia,60.76137482511876,61.51991461268713,7.921143474914004
103,Nancy,59.117176487588715,72.54690828155019,65.84583171002089
104,Ophelia,59.167349293464085,80.09171867645892,48.99375351443238
105,Patsy,53.56069474740234,91.13944076096622,62.523800388958875
106,Queenie,56.874099791153206,71.94125538010323,85.81188736729314
107,Ramona,60.64835535250453,77.3128940002224,82.56157666971049
108,Sable,60.83809518119517,56.562977063389184,24.028749779808063
109,Thea,54.59132212264882,50.77089875163567,86.53163508648117
110,Una,53.36560811016916,70.91652190193264,91.95578198280276
111,Veronica,59.82501050371078,70.51809747112989,49.66613801050426
112,Wendy,58.953789633784616,58.75088570739098,73.77893511511023
113,Xanthe,65.90370412161278,56.895900933829466,31.53581355452371
114,Yvette,68.91264698369558,51.08291060973603,100.0
115,Zara,59.691102463999,50.667244685750305,34.535249441990814
116,Abigail,45.162572886372935,36.97741445315797,75.59046550149935
117,Brigitte,55.00457752441446,54.63247048607488,43.94085861133597
118,Camilla,64.19437615124184,48.73551704835744,71.23725420933042
119,Dinah,46.85587964154556,52.62042972083043,57.0831509441794
120,Eloise,44.368374795595734,63.2777387540733,57.777984981208206
121,Frances,54.57624964601309,60.96291151741342,44.3811902292643
122,Genevieve,45.42135658176305,67.07840045519127,54.014256856812516
123,Hannah,57.89247588793696,78.27920228139158,31.42036942324798
124,Ingrid,61.722962814055585,54.109764059412974,100.0
125,Josephina,51.52918745274486,59.82113894044559,54.031203654485644
126,Katherine,65.17870959996085,52.33247156754349,21.868079816249026
127,Loretta,57.31809988164632,88.26621652049181,19.880901206900113
128,Miriam,59.56602105909578,56.012658636427766,39.740317769883426
129,Natalie,60.59894912618002,72.80636968985563,86.25910683365714
130,Odette,76.98856826362604,43.47613928464403,0.0
131,Penelope Mae,70.42354493331698,61.86581845225483,28.933718004613617
132,Quinn,62.84728573231006,96.69699185284563,84.23940177250341
133,Ramona Mae,64.27012511482327,62.852784388456655,47.22545831209767
134,Seraphina,58.006660313915425,50.978148539748375,37.460697623584096
135,Theodora,51.63079097677357,49.19350228222359,76.45981606398061
136,Ursula,59.4334251109217,57.39728385011029,62.54099039497112
137,Vivienne,60.79506242269321,52.67490622814373,40.71937867572966
138,Waverly,60.03681958755595,72.82607803875025,34.56253840356732
139,Xiomara,63.05253606162642,35.82760865429995,100.0
140,Yolanda,59.266137643494176,76.59145467676761,44.09717925472032
141,Zelda Mae,75.92410232428946,63.676398289801014,87.25394864866774
142,Aurora,59.187869547166095,62.32210181798827,67.13559405579488
143,Bianca,48.96266078881158,65.05306547589659,35.8259926911321
144,Calista,61.48464253904929,50.28859410233359,21.93261941696714
145,Diana,65.08443791344193,40.04901678183019,33.34190354647399
146,Evangeline,57.4915855202886,65.11428184799668,71.0477725744291
147,Faye,71.02876520727877,59.30229946665432,0.0
148,Gwendolyn,52.57857131200107,56.87758932593985,62.763865043904985
149,Helena,55.1324573863389,53.66291969629355,76.33973358237382
150,Isadora,60.49050266685384,51.86079175731523,66.69281074927311
151,Juliana,59.59146761344913,63.77719928746176,45.21506791974581
152,Kiera,60.78641207187413,67.38056565952724,35.937992469871375
153,Lillian,51.32902335911446,58.176991394400574,50.01521986989301
154,Miranda,46.401883891358274,52.41562551554356,68.74326646130689
155,Nova,59.66484704884305,66.57770491578994,74.75974166519512
156,Octavia,58.907055990443396,61.07670152209526,59.49820912662032
157,Primrose,60.15465593047712,50.928090227674886,45.059270258595305
158,Quincy,59.72501163234918,53.46871056469587,46.49556087716784
159,Rosalie,57.116063719398454,70.35665783095544,20.898935320976243
160,Serena,42.15219905290426,60.25812850825586,93.73423125138618
161,Tallulah,61.13934515861297,36.51137516090032,94.24673690282782
162,Uma,59.579179968292515,55.488796365916265,60.039566322031334
163,Valentina,78.85455097011572,64.27871098120909,29.40240527106997
164,Winona,45.42393687122326,46.402298497870675,39.50909855234608
165,Xena,51.880447651802115,55.67806515829806,7.41370768225957
166,Yara,72.61211871162986,52.55635621569395,81.61806503634088
167,Zinnia,57.93812575049748,39.736785129718214,81.32026840070057
168,Athena,63.415568263457956,43.324464424598666,16.48477173283078
169,Brielle,85.63512653915214,73.8162758505671,3.385035494074316
170,Calliope,58.74738189374221,33.790772223293814,78.24874768844333
171,Dahlia,74.81568788942606,76.36923359806406,17.153754461222654
172,Elara,52.73156758013553,35.62121619689675,100.0
173,Felicity,60.15762240476199,58.366926290208966,40.98332148826616
174,Guinevere,59.04191547647612,45.6491842522218,69.81785447053346
175,Hermione,68.80009859402298,83.03071247646474,78.76899887271583
176,Isolde,59.5570076796084,69.27761762436836,14.754022763006404
177,Jocelyn,60.64650539935653,41.30085569830508,23.408351652743086
178,Kaia,58.473704807016894,67.90015685007947,46.41912251740441
179,Lavender Mae,70.8298340524438,71.21446164998177,88.81613331216437
180,Margo,50.19027481254342,42.439044688511636,24.31661590355249
181,Nia,59.54988100059343,65.62581993490062,32.014312373863035
182,Olympia,54.38143830478349,62.10020624127778,45.04129195627968
183,Persephone,62.219482260833104,77.88214375153747,22.215255503030715
184,Quenby,57.813038131557356,49.690280036834956,46.82625898569183
185,Rhiannon,55.4588125144246,63.02541567027321,67.23599450376925
186,Sabrina,60.962176396751815,42.88064659247309,56.16262735447586
187,Thalia,51.64477598560138,60.80564010478726,46.209972283928956
188,Ursula Mae,60.41440402452185,60.41327223673955,1.4169724317606054
189,Vera,67.83081399188399,49.70106930484269,51.05602499834644
190,Winter,62.9218808189233,59.82148977798359,14.924230035103953
191,Xanthe Mae,59.70318148473608,96.81550245366967,18.430176481509886
192,Yara Mae,57.73210622245817,52.5895453628296,41.17768050664687
193,Zora,60.82861792280058,75.78992179286661,17.72984118298581
194,Amara,53.21239839819679,59.29321776406853,73.80678807548284
195,Bellatrix,54.90834697860747,79.94937764314187,27.086028146669253
196,Cassiopeia,61.23130601447813,65.43356617001159,75.49006273806116
197,Daphne Mae,60.677026814323774,65.33056995253219,94.54234477676545
198,Eowyn,64.37516580788119,59.5721456051194,33.753344564485104
199,Fiona Mae,51.13962745457303,61.4089099483674,55.02620663829805
200,Galadriel,59.65892969940419,43.92783828444602,77.08276367147224
201,Hera,48.19834678771393,42.8165322787483,50.31917041608622
202,Ivy,58.92012981215941,48.968001083745975,72.30880662309471
203,Jade,69.99731529248484,46.91204315833188,51.06688287935686
204,Kira,68.88644288298514,71.9332172677795,47.03755901577599
205,Luna Mae,72.44498462318126,65.35340951757206,78.40569668770323
206,Maeve Mae,62.018225269914296,34.828635729453076,34.61049046781984
207,Nyx,70.12318964335212,60.61822282766841,19.03778479137982
208,Ondine,77.02390798473388,69.35888105326865,100.0
209,Pandora,60.17260158801895,87.97187404893361,59.45635231930545
210,Quintessa,61.09350110556316,45.0326339131938,70.05771480782352
211,Raven,60.844241939221995,65.23398667228895,0.0
212,Stella Mae,58.45790939775655,78.55798254493182,0.0
213,Tara,60.576375719078065,65.43510259903255,78.19061911754267
214,Ursa,55.21713921373859,66.68843889684263,9.93529163521034
215,Vesper,65.39810416800978,43.3801015728381,0.0
216,Willow Mae,51.77902014169156,40.66910087339737,0.0
217,Xena Mae,64.99334021394914,64.24514392424415,19.70146529511383
218,Yvaine,61.60272678077247,54.69241120363179,84.31000082936953
219,Zephyr,78.27459914167797,58.20485785164401,33.41197235602148
220,Amethyst,67.61280680529943,45.71980321335501,73.02536624280881
221,Belle,62.05241154525074,60.08125365120533,66.95338159083224
222,Celestia,32.49194090367457,62.74834894590041,67.47862863190866
223,Dahlia Mae,77.09202824708206,65.31747162745842,11.52322953465346
224,Elara Mae,59.80084213693717,88.49839060811156,69.60176582284927
225,Fern Mae,59.49187696540429,60.419415044212414,41.09097666912308
226,Gypsy,60.32368934726608,68.47329633947567,86.24318177382722
227,Holly Mae,79.4491926848788,42.61810528509124,38.376739168508
228,Iris Mae,59.55288448420588,32.58997047325571,64.18035659020902
229,Jasmine Mae,60.354879582242766,73.79231214825286,68.15093426404738
230,Kismet,59.37373040206455,53.864418379756216,99.06315715984539
231,Luna Belle,70.2899067747629,83.71881784390935,3.8812457744695905
232,Meadow,62.4698480458002,69.44128808180965,80.33564097704574
233,Nova Mae,69.66652955393309,64.54497231469665,0.0
234,Olive Mae,60.46831616856887,60.25461358261874,17.05893551177852
235,Petal Mae,53.566717976965364,55.68021484911895,50.59313505325972
236,Quartz,60.098814780093235,75.97834197117633,0.0
237,Raina,61.128725200323146,58.12596678686104,31.03886781510989
238,Star,43.37058368814334,64.99523182657654,43.74397359810099
239,Tulip Mae,61.408068266604836,84.60539055644298,88.50945447616668
240,Una Mae,63.01608099916172,53.09231687718598,0.0
241,Violet Mae,58.866047321107345,71.78302700641478,83.19078492969925
242,Willow Belle,64.26976442251762,87.99137527411685,18.83247961057288
243,Xanthe Belle,55.11511414012831,52.74866088332871,40.75104133755657
244,Yara Belle,59.744370494947766,54.13392573999617,21.309581602815385
245,Zara Mae,61.042746626334434,63.19479533261572,0.0
246,Amelia,61.02785161614244,47.93663727552402,51.064332055366144
247,Blossom,58.396582161246876,51.995037636013706,81.38329008170857
248,Cinnamon,65.46879502587457,36.52559346063026,0.0
249,Daisy Belle,61.0764145417137,80.14841815103387,51.477786259373474
250,Ember,50.675409626370595,65.04327024806724,73.96190964377153
251,Fawn,59.364243070504614,64.90464616563631,58.58965464723371
252,Ginger Mae,65.6166021904661,49.22039302128763,20.00415306278976
253,Harmony Mae,58.23614707438412,68.91423216513927,48.715729223308855
254,Ivy Mae,68.30181316176743,71.04428804521211,64.35836122310374
255,Juniper Mae,65.7498927078284,46.123668546745236,0.0
256,Kaleidoscope,43.112005895833974,52.287096385897215,59.20861935349502
257,Lavender Belle,61.20268089031416,73.43309492308899,15.618533889861986
258,Meadow Mae,61.2635449061862,39.58900560476967,46.29540999299665
259,Nala,42.96833103256755,85.18423479914755,46.34167829929327
260,Olive Belle,60.850474692959544,33.68596698654323,15.485333211369912
261,Peaches,60.43978170156179,70.60264603792487,6.556204035016549
262,Quinn Mae,76.66021011283146,61.552024293043914,19.78591231230141
263,Raindrop,64.5324930988341,63.44942762792908,52.83656055695951
264,Starlight,40.29048761393551,85.12987470451282,60.33637488396256
265,Twilight,58.0793283953819,39.46999829385015,44.50802778887333
266,Unity,61.87914191674576,52.079060250616315,0.0
267,Violet Belle,59.01418428336207,65.06319036230998,83.52461069033635
268,Winnie Belle,57.60199020449719,85.72148477212394,33.88653112230915
269,Xena Belle,62.587644378270014,62.93499922278967,100.0
270,Yara Belle,65.08930003928093,59.27622949818696,46.96844052241869
271,Zara Belle,56.05434084338387,67.01176659221608,52.48133991718692
272,Amber,59.23781888994335,54.18952787300091,61.25863738923675
273,Bluebell,60.14519983696284,45.098234511160676,42.899831224959705
274,Cocoa,61.5548489777242,59.963532020327996,84.72801685475343
275,Daisy May,63.60961571831596,70.68289693109085,36.64221923821166
276,Echo,45.37671347162485,66.18515739087391,20.743299494994925
277,Fern Belle,60.93518521104045,75.7776475032144,21.493692509974903
278,Ginger Belle,70.21593276533929,79.54985561689091,76.94190767875007
279,Hazel Mae,60.57995525732599,68.1973546254187,69.46244013225625
280,Iris Belle,60.97309912698776,36.00621897521102,42.32588377270336
281,Jasmine Belle,60.193960330703796,46.42115001342552,99.43826208035486
282,Karma,65.22165189675671,54.230859983389514,32.60952815841711
283,Lily Belle,83.04787005870972,51.47852903166116,33.59568354204245
284,Maple,66.90163668352086,86.93630609076374,93.49596965419619
285,Nutmeg,60.2784392934411,53.26725817495636,38.82989067697795
286,Oreo,60.52514098159931,59.7377899461662,87.19711100544703
287,Pepper,62.36214283984574,59.297567673746144,28.306458343693116
288,Quinn Belle,58.167799096197996,49.8102755514434,3.147774877120497
289,Rainbow,60.094182821012005,66.33945432267481,63.07053977352753
290,Sunflower,60.255081615608695,83.9721885970719,25.575503882813127
291,Twinkle,70.88965382170734,65.70445089381668,100.0
292,Violet May,68.55209577161706,37.511822569507636,23.548194121686763
293,Whisper,59.72761587839272,45.14985827386086,80.85638045574863
294,Xena May,59.204130215767165,89.29759977791576,19.302116184787142
295,Yara May,55.86930873623748,46.75772291242376,82.50003901686537
296,Zara May,60.09880265579328,57.408219671906714,14.432529818277473
297,Angel,69.93155743261629,32.9836391019983,7.771587973016459
298,Bubbles,53.021493353845926,36.63677024885835,65.14729604646709
299,Coco Belle,67.74345576610597,51.78461566768018,0.0
300,Daisy Belle,59.915425684691606,60.32130723864056,100.0
301,Ember Belle,60.92109431292545,44.687359770225505,25.147697336230507
302,Flower,58.363038534633674,69.58155352265376,38.10144918003114
303,Grace,59.75836977269127,48.892339828704735,56.20330623245677
304,Hope,59.522156062507705,62.93814452495856,38.6102430672202
305,Ivy Belle,58.182452528741,38.70163261206729,84.29091128174394
306,Juno Belle,59.474858235330174,60.97653711261959,100.0
307,Kalea,81.16994921587374,48.62265437348554,21.822855938501707
308,Lily May,60.91961855970412,52.42141149035287,100.0
309,Misty,60.38706466358589,69.12761900365047,25.037989182272845
310,Nova Belle,59.41181961779007,76.31960304010603,73.69677834658361
311,Orchid,59.00209490329605,84.59714941370443,24.16235889112957
312,Pebbles,60.4301415377124,56.70500565626978,66.4355955105053
313,Queen,45.01119875021526,88.76547840198096,50.20795771193847
314,Rose,64.46493679426348,57.410827778996975,40.47138124964739
315,Sky,78.0349488432259,73.41791263891083,26.390064946713814
316,Trixie,54.688201675026065,64.41769528518337,61.59851206549226
317,Utopia,59.3985966323184,56.81999973993792,62.73102323906643
318,Violet Belle,60.4641219108182,54.61451527692829,17.390075351307573
319,Winnie May,56.61146875845929,72.02659335603153,56.841696987854235
320,Xena Belle,52.698970436677335,68.96862365328148,68.33565059190789
321,Yara Belle,44.370446095549745,60.77920121082172,59.61092524687037
322,Zara Belle,60.77950381651346,63.843376861931475,6.598876689954899
323,Apple,56.392336897011766,66.15903523026546,18.92668971664962
324,Buttercup Belle,60.41524794326195,53.061912293666666,49.300251287929015
325,Cinnamon Belle,60.94173182316944,79.22704184006965,42.662839940714186
326,Daisy Belle,58.41019432358764,69.70097038667359,71.16582932709801
327,Ember Belle,58.24842132412437,54.2941946107384,71.9302137439784
328,Faith,62.77459373952502,37.63116999173729,66.22478681736968
329,Gloria,60.3765007436294,57.131027556309085,80.04798167201045
330,Heaven,60.67959953277439,73.42850290187536,65.36485530721502
331,Ivy Belle,59.47994894023902,56.909433259308535,87.07919241392312
332,Joy,60.73952087106152,44.63699547119887,11.614157629266245
333,Karma Belle,51.55267132758764,45.94818034957804,54.434099157928024
334,Lily Belle,51.23919602139633,58.06253709626516,22.843629417852917
335,Meadow Belle,59.79292493219953,66.64278994259894,19.47523582724499
336,Nala Belle,55.217985856164105,63.484187729849864,49.966403303121105
337,Ocean,61.04783879150056,53.284058870006696,32.075803377257884
338,Peaches Belle,60.710095102171216,50.32430556586057,45.95590135962522
339,Quinn Belle,58.19715783823953,77.11433523807335,58.3443966010704
340,Ruby Belle,59.25557807473787,36.97019950763299,54.72755380525175
341,Sapphire,65.14773986180602,54.27078880044501,100.0
342,Tigerlily,58.79168858168151,35.318484553324765,18.878101698181
343,Unity Belle,60.00495132183742,60.38701696748714,15.36187343500719
344,Violet Belle,60.64171198350436,31.547868279666737,24.486632464815237
345,Willow May,47.676145603135424,55.39399784090567,34.83927764157668
346,Xena Belle,68.1383938034568,44.63776504952288,91.85173592469657
347,Yara May,69.88802256132267,97.13020780706762,32.07053580691137
348,Zara May,62.81354300379306,78.24260093484682,55.771206651915946
349,April,60.24246502796096,56.03608042782287,32.71759918431782
350,Bella Belle,69.78118680982963,72.0865195032676,76.7772766172232
351,Candy,68.73062481752639,65.31857530540461,74.42555645829133
352,Daisy Mae,60.04707587313598,70.39142498006788,52.75976059746103
353,Ember Mae,63.81222717324069,57.18940833857253,100.0
354,Felicity Belle,41.0530068080502,48.18986700233267,55.41818738776739
355,Giselle,66.13553841671968,49.95343316619662,0.0
356,Heidi,60.792043404078264,37.726681647869455,0.6766694672996536
357,Isabelle,59.595242666441756,60.891996169495044,67.62296658551571
358,Jasmine May,61.468053088275084,81.12859694755015,4.255439917767674
359,Kara,61.899885673243034,49.602838737057404,100.0
360,Lavender Belle,78.64613073487585,74.48098087728656,100.0
361,Mia,57.00006655575019,63.36766178234935,36.48849661155864
362,Nora Belle,56.056838406036945,80.58521621848688,40.498148130339096
363,Olivia,62.562302171448884,56.851185255837066,87.82839956076917
364,Paisley,60.80684982190614,69.05656379214909,33.806393195396375
365,Quinn Belle,60.503721894020195,64.63170982597802,3.791541369162779
366,Rosalie Belle,71.67357868186204,37.0064837565247,93.41409512175214
367,Samantha,61.36289865564751,74.2137351603045,25.95943300139085
368,Tilly Belle,56.08349493030958,57.008417027683635,40.158636494605034
369,Uma Belle,60.749998396808984,68.82828982205979,72.5910935693526
370,Violet Belle,62.313681391545686,56.136510389744075,25.342202352669247
371,Willa Belle,66.86256876567577,47.326136837310855,41.55773205838507
372,Xena May,46.3054648338131,48.297225867390544,73.37820915990186
373,Yara Belle,65.7326486272049,50.63146531910543,0.0
374,Zara Belle,59.555253968279175,58.78106392597027,78.53555805338056
375,Acorn,60.31972692203013,54.95535251436751,36.53211232538775
376,Bella May,42.67419709705987,55.90871730926867,47.799958689618705
377,Caramel,89.67590269869201,64.51525013633666,25.05239339858086
378,Daisy Belle,61.5676991175683,79.03361782129659,80.42382997193312
379,Ember Belle,48.46125845455432,73.69638951688032,24.639262701125016
380,Fern May,63.26449803553065,45.10506619075605,59.45129867788923
381,Grace Belle,67.66618779928616,66.16810942154315,46.46916687817712
382,Heather,54.07274231979611,75.17312962822727,62.12512525672577
383,Ivy May,61.894456681663755,60.117371292110676,74.00557285283818
384,Jasmine Belle,54.404576576881766,44.375398742555205,50.625622569234515
385,Katie,56.76148955035127,60.843711416113834,44.741786867929505
386,Lavender May,59.21281285264728,26.806905569670437,100.0
387,Mila,59.02574173367755,99.29286766616477,25.74279224472561
388,Nutmeg Belle,61.47595353961377,84.82621994258557,22.95690277417993
389,Olive May,47.36149728140964,53.200295438592406,29.567240893017406
390,Peaches May,60.56886630526987,56.20016913486712,29.520965294895742
391,Quinn Belle,60.40945440905038,38.919299104262684,59.549453918712565
392,Rosalie May,65.90955169448839,57.46854493616937,100.0
393,Scarlett,73.66879907153698,50.99143523037851,8.844825410406465
394,Tulip Belle,59.30517864114607,29.831931989356995,46.99644908153687
395,Ursula Belle,56.53240786963351,64.79790976593267,71.41447896866025
396,Violet Belle,60.28738314703813,30.356573067092143,35.171432034743646
397,Willow Belle,50.93915248474349,44.124528702102495,11.607689919523786
398,Xena Belle,60.77582330539974,65.11962587367161,51.80758664108431
399,Yara May,62.70988962698907,71.42995242335515,13.82461071959603
400,Zara Belle,48.40311721533492,67.03901996803147,53.10304243145749
401,Aria,61.27341853749385,51.366234544013,29.97545317023558
402,Bella Belle,77.07695335065469,48.556753941110884,19.48989101302382
403,Cassie,60.18599948165082,29.268905772508678,48.735372461738535
404,Daisy Mae,61.642984287419736,75.22471073361176,80.82726400095856
405,Ember Mae,60.428971936531624,31.00142006062191,19.147446298770948
406,Fiona Belle,68.50128886433431,66.5037217210745,43.529214416016046
407,Gloria Belle,67.36386294959748,53.7934492710598,4.960921172618185
408,Heaven Belle,61.18584262548032,51.273598350079,27.277996043903663
409,Isabella,59.295640662872344,66.11652108693636,61.68529227270035
410,Jasmine May,59.25996254251443,58.249668640722085,77.78206115219615
411,Kitty Belle,61.2981936626075,51.32730287154104,86.31479617908425
412,Lavender Belle,57.568302248566226,38.16209684083772,69.6838186607624
413,Misty Belle,60.05436413171743,65.29019274637756,43.444412548880564
414,Nala Belle,59.54841416779073,30.61211983748894,56.127973476320406
415,Olive Belle,65.02806722492869,61.70881964545971,0.0
416,Pansy,61.324595871845936,100,48.14920359261788
417,Quinn Belle,60.53721086619019,61.793845820566396,40.83631528008176
418,Rosalie Belle,59.161271106723845,92.12448504801681,59.39709289252882
419,Sienna,60.79280097097346,58.029590407341296,0.0
420,Tulip May,55.21195088961837,66.75317278096156,43.43426081930175
