1,Mooey,59.43895255410686,60.475966891822175,62.90021199141762
2,Daisy,59.41184658206351,73.20283202773254,13.52894977654524
3,Buttercup,64.48059289174391,47.122816758604074,84.99274923222447
4,Bessie,53.90564132810226,55.50047488474921,65.83556781226909
5,Clarabelle,43.644861998697145,50.92689151395581,55.48211686657087
6,Clover,45.55479885168035,55.312871107649755,51.86477637845585
7,Holly,53.27113486958472,55.749233136850734,25.805711651208018
8,Rosie,64.86002982051996,60.6592284193724,60.83725175609225
9,Luna,60.73549161534578,57.30473678635838,0.0
10,Molly,58.23197428149291,47.193448136208204,8.581105505706333
11,Ginger,64.63380870370447,65.98875506623867,10.766411349424544
12,Matilda,60.56951413425868,73.6936043634281,82.42398093268879
13,Penelope,63.54666036186183,79.92637465790415,100.0
14,Fiona,60.72448020070746,77.43301149414977,62.433280941281716
15,Hazel,60.54978442033865,52.246990518173355,83.0274258777744
16,Freckles,77.78270170576182,61.60559001709559,35.369430223693115
17,Petal,69.90820989118919,58.76559360944682,100.0
18,Dottie,59.829113657632185,32.89262410326363,62.74886744314247
19,Pumpkin,60.81521088839411,69.98282799688474,71.28135316156802
20,Ruby,54.31481085455336,58.71479454632525,69.68823671458182
21,Willow,48.678156127494226,49.39056271495691,55.77480390178067
22,Clementine,69.85885246760859,76.55604477771215,54.39456457684616
23,Poppy,62.76910238871883,72.35296408373377,100.0
24,Jasmine,61.032188392965125,19.965152299277698,29.691852285351487
25,Lily,51.70878639054677,42.08909663382541,67.39631608750503
26,Bella,60.306627148267964,57.606835851708674,31.330844031317223
27,Lucy,49.278374552263436,47.823612835450014,22.37862459932193
28,Charlotte,65.44901401432435,61.40047333169524,38.726241568837295
29,Stella,60.710584323490394,63.90856167674397,77.16827856008821
30,Sadie,62.741274622407275,49.91049496133655,14.678608600970101
31,Lola,56.0290843339226,46.86866452481291,33.427134761395976
32,Annie,60.85920549386076,92.2139072975044,22.738191203080763
33,Elsie,59.33571752385968,74.11259733096064,88.36175572652343
34,Millie,50.81253484217421,83.56327118257133,46.2008766368871
35,Pearl,57.66180043795192,40.67788718109463,34.254133574949975
36,Rosabelle,62.53369676942532,49.06324026657906,4.744572594701708
37,Winnie,46.3266544312918,64.58832170063705,1.3813068620934246
38,Beatrice,60.406335023335245,61.96620725107083,65.50010887472308
39,Phoebe,65.31711394866021,73.92771823692982,93.48674699317641
40,Violet,58.23989114476687,55.986745597054636,43.20772383101649
41,Maisie,64.47760535873272,70.56998286158048,74.70516656324033
42,Minnie,66.50227955357921,53.530773798109756,0.0
43,Olive,57.56651510832012,65.86848115740486,34.546375336127326
44,Georgia,61.119611522292054,57.34862319438109,100.0
45,Delilah,56.5574823115107,52.481342100521964,59.887233108014826
46,Honey,59.90922722382187,73.15892813874314,5.477288364812608
47,Marigold,69.80472102510006,39.044375168899876,67.40833981388917
48,Delia,68.48833397649015,71.75170474330967,13.824862151210986
49,Juniper,47.40128165876244,59.5107008603752,39.341617018442115
50,Martha,69.43215048332492,67.36071079079484,28.50151088703295
51,Greta,62.3441934330612,39.59351342811893,100.0
52,Tulip,64.35428258239097,74.36066965333144,2.009997239864056
53,Daphne,57.065796123005306,38.99052661156653,58.52341324317557
54,Fern,59.722433413279916,74.04898540947151,24.9690887382335
55,Opal,59.02592320755636,68.76980200322396,68.90968519657295
56,Betty,71.97776288822942,63.78112649243068,18.78572691868777
57,Daisy Mae,56.41540094125209,65.47447089428464,58.528285781907265
58,Coco,60.70513162143738,80.54968945256327,61.67644245765291
59,Eleanor,60.35428299978078,38.8731471099866,83.88839997417709
60,Nellie,60.121648250312916,66.51413774883234,24.917832326585515
61,Zelda,47.33142119123089,92.56913176835741,47.11504523133881
62,Rosie Mae,57.69492339392463,46.88720191368527,72.02024036451519
63,Gertie,68.04373833284772,52.01565484253866,0.0
64,Flora,61.13859712764302,73.23787134006572,100.0
65,Gemma,65.79097103033948,37.028326624764816,41.358168167645324
66,Ada,61.031370021220276,58.50238965612397,26.47595633654711
67,Harriet,58.05770336803996,40.54815105028638,23.86478980938031
68,Mabel,40.640235624458846,81.9688671933182,28.639046178983996
69,Cora,64.22788084280428,75.225030853226,5.721675567880197
70,Ida,59.52225669767061,53.93151417954378,66.91992448956634
71,Esther,59.24458164861657,76.17856267282768,9.616408691364825
72,Nora,58.720685505500725,54.06133591577063,42.14626063965063
73,Hattie,47.61613800092577,72.48008527873426,23.95723373524257
74,Willa,57.97265747813031,65.45748694952454,52.45731274570316
75,Adelaide,75.01631954924989,45.22730455101936,34.52114947546283
76,Winifred,59.91216826390224,76.51118300854557,80.93631667739581
77,Louise,60.52296140232843,61.26007406050391,17.305774433071598
78,Agnes,59.80177199881139,59.455318077423605,55.47399935075492
79,Bonnie,43.151932486028834,40.89778494265491,62.969411620993355
80,Edith,51.20754999344739,51.38215111062247,27.950803222197695
81,Imogene,54.72605180942479,39.710536411231395,16.87390728369757
82,Josephine,61.028677842087035,45.07053777044182,42.954418352005376
83,Lavender,59.15686611885184,59.875437061656,70.3181508235252
84,Martha May,59.06639337368446,50.87551506741985,62.1395140440342
85,Ruth,60.253231734080764,52.768457993703265,41.67141222258546
86,Sylvia,58.64147032158302,65.24064581784776,43.49961150814799
87,Tilly,59.73555256584513,53.18099314627657,64.75540038248161
88,Tabitha,60.95862842416339,61.97139467747895,100.0
89,Henrietta,57.97984094178072,76.22059386432016,5.369201067481448
90,Lorraine,59.60535002021061,51.718174927142144,33.94115951652263
91,Maeve,47.15359602268866,74.24775106935476,31.03826692613989
92,Prudence,59.79154895012648,80.0317660415313,16.964836003282628
93,Sally Mae,58.51836654488157,59.953327065756966,59.02006784161211
94,Dolly,56.95403031662245,75.64882114370485,27.76148907866112
95,Gladys,57.661786961530495,70.91470386503818,51.15944957964427
96,Harper,60.59304724961134,65.80097315352054,59.00737407126234
97,Harmony,60.36867779591077,57.08511871660198,25.832220196136294
98,Iris,45.300837812839276,77.89703806823036,18.20419794023262
99,Juno,58.87368166649152,76.47142349670034,61.29993186726804
100,Kitty,63.08773147833624,68.37447796923446,97.79374802628925
101,Lacey,59.442188799713676,52.5040404096584,85.37359925655221
102,Magnolia,59.86047789731579,65.55804917135697,7.921143474914004
103,Nancy,59.009755348806856,74.56609047443249,65.84583171002089
104,Ophelia,59.19649465442521,79.3022110533419,48.99375351443238
105,Patsy,53.99446125556416,88.50014197568385,62.523800388958875
106,Queenie,56.954042284054246,73.7634503056798,85.81188736729314
107,Ramona,60.26997415397092,72.43561252959952,82.56157666971049
108,Sable,60.01820179168935,60.91771358502621,24.028749779808063
109,Thea,54.54976491262386,47.518346706461465,86.53163508648117
110,Una,52.05524023799137,73.59545295565604,91.95578198280276
111,Veronica,59.886136391114796,72.09698502661381,49.66613801050426
112,Wendy,60.23826651769343,59.30695371627406,73.77893511511023
113,Xanthe,65.69460456850653,54.93420640596779,31.53581355452371
114,Yvette,70.17381563184338,48.96510035509345,100.0
115,Zara,60.62030046092616,49.16145844538867,34.535249441990814
116,Abigail,44.47381406293737,35.91729419449187,75.59046550149935
117,Brigitte,55.37222538198194,55.94963553429705,43.94085861133597
118,Camilla,64.18755473309577,52.620538843524564,71.23725420933042
119,Dinah,46.37305209097434,49.58365515292552,57.0831509441794
120,Eloise,44.71064224834408,67.92968541523406,57.777984981208206
121,Frances,54.29177167642897,58.65854573440903,44.3811902292643
122,Genevieve,45.44473740858794,67.68977473360873,54.014256856812516
123,Hannah,58.17726877201325,74.87250034543189,31.42036942324798
124,Ingrid,61.900519289255115,54.38570142218914,100.0
125,Josephina,51.61213807319081,57.15743722880183,54.031203654485644
126,Katherine,65.93839204503897,56.58995680588193,21.868079816249026
127,Loretta,57.12079049709469,91.83935316971022,19.880901206900113
128,Miriam,59.81288476695591,54.16734347101862,39.740317769883426
129,Natalie,60.645400659293585,68.78466378620848,86.25910683365714
130,Odette,77.38560535106069,46.878937348482864,0.0
131,Penelope Mae,70.68218057217263,64.80137976324708,28.933718004613617
132,Quinn,62.491851371497106,96.67889112452164,84.23940177250341
133,Ramona Mae,64.09916877565975,60.84453791521575,47.22545831209767
134,Seraphina,58.19379286016042,47.66917717227189,37.460697623584096
135,Theodora,52.06675525044806,45.031180021664305,76.45981606398061
136,Ursula,59.02392317347322,56.214739932180706,62.54099039497112
137,Vivienne,60.53194203626833,48.86452045323903,40.71937867572966
138,Waverly,59.75633225206007,69.18533611576525,34.56253840356732
139,Xiomara,62.70802928454075,35.55440446351982,100.0
140,Yolanda,60.10550461579938,75.4225897175244,44.09717925472032
141,Zelda Mae,75.91492705840695,59.07557863493873,87.25394864866774
142,Aurora,59.542355574513216,65.74101738391326,67.13559405579488
143,Bianca,49.151526547349995,60.05352833858193,35.8259926911321
144,Calista,61.224291352415506,53.00476724655145,21.93261941696714
145,Diana,64.88881847350862,40.84996724440581,33.34190354647399
146,Evangeline,57.51990558323311,61.73899264919037,71.0477725744291
147,Faye,70.87900006475465,61.28905201649772,0.0
148,Gwendolyn,52.14203828216747,59.45081556996318,62.763865043904985
149,Helena,55.02890660534271,52.877864934841725,76.33973358237382
150,Isadora,60.362151538502324,47.13835981848107,66.69281074927311
151,Juliana,59.80012411210535,65.05838401314219,45.21506791974581
152,Kiera,60.73592969576869,65.05616892309857,35.937992469871375
153,Lillian,51.69019665082023,54.50234715332879,50.01521986989301
154,Miranda,46.89249607051636,57.0643733307328,68.74326646130689
155,Nova,59.708975313975365,67.85154865592833,74.75974166519512
156,Octavia,60.20515101671674,61.72964230625206,59.49820912662032
157,Primrose,59.43846142440145,55.71989225607586,45.059270258595305
158,Quincy,60.03521449129768,51.93906492112535,46.49556087716784
159,Rosalie,56.843384451687385,69.29238307406503,20.898935320976243
160,Serena,42.20723977692624,56.605722198493254,93.73423125138618
161,Tallulah,59.89171423297326,40.886640728094555,94.24673690282782
162,Uma,59.22388787578855,58.39707039083834,60.039566322031334
163,Valentina,78.74218825087033,66.32626966108579,29.40240527106997
164,Winona,44.714058280505576,41.425721585335495,39.50909855234608
165,Xena,50.77189602225314,53.94482034378286,7.41370768225957
166,Yara,72.61818451236736,47.810773109045755,81.61806503634088
167,Zinnia,56.67550520107841,35.438996824314536,81.32026840070057
168,Athena,64.04355754527265,45.50262640587191,16.48477173283078
169,Brielle,85.55395351605186,76.85885182014424,3.385035494074316
170,Calliope,59.008943870946645,36.0424458537545,78.24874768844333
171,Dahlia,75.45619886668311,79.02331667675953,17.153754461222654
172,Elara,52.83264049336404,35.41418382249801,100.0
173,Felicity,60.76099144184732,57.417550975055505,40.98332148826616
174,Guinevere,60.147416848058135,44.6554383533167,69.81785447053346
175,Hermione,69.9580908327976,80.24781444223261,78.76899887271583
176,Isolde,60.38142213935696,66.04999347230861,14.754022763006404
177,Jocelyn,61.15560152709053,39.20113363392554,23.408351652743086
178,Kaia,58.58414708146632,70.01900342039016,46.41912251740441
179,Lavender Mae,70.54368701198884,70.72031588805663,88.81613331216437
180,Margo,49.105269848117985,44.07900992497918,24.31661590355249
181,Nia,58.776514293151166,68.90241550222241,32.014312373863035
182,Olympia,53.10837757711852,65.97362522792108,45.04129195627968
183,Persephone,62.78793225577347,78.63063125981861,22.215255503030715
184,Quenby,57.14638794195314,45.63744388371414,46.82625898569183
185,Rhiannon,55.56250001439102,63.74186525839078,67.23599450376925
186,Sabrina,60.822255882044836,41.292657955596674,56.16262735447586
187,Thalia,51.22679412146645,60.514581300078085,46.209972283928956
188,Ursula Mae,60.85833220273218,55.97336513989095,1.4169724317606054
189,Vera,67.79554244313123,52.162509558669264,51.05602499834644
190,Winter,62.67482369960162,58.2268864493224,14.924230035103953
191,Xanthe Mae,60.02677426449965,97.14487154395223,18.430176481509886
192,Yara Mae,57.297202458522236,48.46311779880413,41.17768050664687
193,Zora,60.60538175273273,73.54522529431311,17.72984118298581
194,Amara,53.64723151210703,56.71024803893643,73.80678807548284
195,Bellatrix,55.151808589123654,82.73694536160704,27.086028146669253
196,Cassiopeia,61.22945979827805,65.91586141895291,75.49006273806116
197,Daphne Mae,60.33896369534601,67.70693140278729,94.54234477676545
198,Eowyn,65.09466094948394,59.30599352219907,33.753344564485104
199,Fiona Mae,51.2186068530015,61.139347773615086,55.02620663829805
200,Galadriel,59.2097417325509,46.80996192330368,77.08276367147224
201,Hera,47.59598807391082,41.07136621579383,50.31917041608622
202,Ivy,58.93186356542643,50.07491162943037,72.30880662309471
203,Jade,69.82488607002786,45.80582890738652,51.06688287935686
204,Kira,68.77940082868348,76.50587285717,47.03755901577599
205,Luna Mae,72.21076103764138,69.18108796205081,78.40569668770323
206,Maeve Mae,62.391733422054436,35.66687761803903,34.61049046781984
207,Nyx,69.9284404960887,60.02039528704131,19.03778479137982
208,Ondine,77.11753272170782,66.07856492142191,100.0
209,Pandora,59.01112178174475,85.68702753962282,59.45635231930545
210,Quintessa,61.02483056894655,47.596204398403195,70.05771480782352
211,Raven,61.34603723304526,70.04735662472555,0.0
212,Stella Mae,58.60181736596059,75.12034021853033,0.0
213,Tara,60.84805332924478,67.9848936689673,78.19061911754267
214,Ursa,55.42092925144627,68.17146865819848,9.93529163521034
215,Vesper,65.15919579632745,42.418863159016524,0.0
216,Willow Mae,51.97341346813008,45.0205791512923,0.0
217,Xena Mae,65.5056994541239,62.177967262469465,19.70146529511383
218,Yvaine,61.62908314588754,57.086309419700626,84.31000082936953
219,Zephyr,78.24040549316723,58.94429707817801,33.41197235602148
220,Amethyst,68.64488272673225,48.12080738742937,73.02536624280881
221,Belle,63.09549349953996,59.517568086307605,66.95338159083224
222,Celestia,32.148244451837854,59.260293880599534,67.47862863190866
223,Dahlia Mae,77.50036037915154,64.43259076448088,11.52322953465346
224,Elara Mae,58.43235490097997,83.73101341138849,69.60176582284927
225,Fern Mae,59.56888860615447,59.62273714641173,41.09097666912308
226,Gypsy,60.29154440702415,67.92827045418622,86.24318177382722
227,Holly Mae,79.30829200663828,42.7973198507732,38.376739168508
228,Iris Mae,59.77698414397516,30.286758406072146,64.18035659020902
229,Jasmine Mae,60.021597671937855,73.48529146602453,68.15093426404738
230,Kismet,60.57543734683705,53.887532179642776,99.06315715984539
231,Luna Belle,70.57341263280533,79.17809562768272,3.8812457744695905
232,Meadow,62.48949240402819,68.00539996498263,80.33564097704574
233,Nova Mae,69.4248401954783,66.13575660890228,0.0
234,Olive Mae,60.300064059105075,55.88640442996065,17.05893551177852
235,Petal Mae,53.94176361609148,60.37273586290484,50.59313505325972
236,Quartz,60.68262093996386,79.6181476029606,0.0
237,Raina,61.79998242852744,62.514240678896364,31.03886781510989
238,Star,43.42715653161173,65.89913775203712,43.74397359810099
239,Tulip Mae,61.02762364023571,86.66620118774803,88.50945447616668
240,Una Mae,63.367421914239394,52.704764402415485,0.0
241,Violet Mae,57.61851430357678,72.7941325397615,83.19078492969925
242,Willow Belle,64.21011461354018,88.40157341210737,18.83247961057288
243,Xanthe Belle,54.387049387063634,56.73089083462182,40.75104133755657
244,Yara Belle,59.859058898096066,57.72868648218986,21.309581602815385
245,Zara Mae,60.73611437670489,59.343257320343305,0.0
246,Amelia,60.87133696399844,46.41049294559617,51.064332055366144
247,Blossom,58.6818739837401,47.66385540701551,81.38329008170857
248,Cinnamon,65.20034050980738,38.26456708357164,0.0
249,Daisy Belle,61.24820248149852,84.77904031991599,51.477786259373474
250,Ember,49.49285347510355,63.263304619362614,73.96190964377153
251,Fawn,59.422211340018876,65.90678848809628,58.58965464723371
252,Ginger Mae,65.38915952448413,46.85731319512734,20.00415306278976
253,Harmony Mae,58.587170108700846,73.61574718296728,48.715729223308855
254,Ivy Mae,68.27159563379962,68.17294125557089,64.35836122310374
255,Juniper Mae,66.38614914049272,43.63312966577989,0.0
256,Kaleidoscope,43.36282765905815,50.04937010074657,59.20861935349502
257,Lavender Belle,61.03569099457663,69.47252146026558,15.618533889861986
258,Meadow Mae,61.158116937874716,39.91431105447917,46.29540999299665
259,Nala,42.42055486614988,81.22537309298733,46.34167829929327
260,Olive Belle,61.1941843317571,36.46651958833307,15.485333211369912
261,Peaches,60.75804901809187,71.2046349855538,6.556204035016549
262,Quinn Mae,76.51144929167876,64.65955374371157,19.78591231230141
263,Raindrop,65.53140267893345,61.85270087396821,52.83656055695951
264,Starlight,40.10013062658621,85.84386171175579,60.33637488396256
265,Twilight,58.23643893462783,40.70528154871142,44.50802778887333
266,Unity,61.61409639183222,53.156189571157356,0.0
267,Violet Belle,58.940295866911406,69.78824360202886,83.52461069033635
268,Winnie Belle,57.343850505411744,89.14745214224693,33.88653112230915
269,Xena Belle,62.21337687301223,67.46321545428364,100.0
270,Yara Belle,64.94742055103512,55.41256898530008,46.96844052241869
271,Zara Belle,55.88964329286142,63.46253560621045,52.48133991718692
272,Amber,58.91533966632352,52.333465283358166,61.25863738923675
273,Bluebell,60.77502709534106,45.44088749325783,42.899831224959705
274,Cocoa,62.69902377956119,64.69235124875736,84.72801685475343
275,Daisy May,64.76874079719713,68.82663629687212,36.64221923821166
276,Echo,44.383733485292915,70.28711875689228,20.743299494994925
277,Fern Belle,60.8382131674551,70.79592054030743,21.493692509974903
278,Ginger Belle,71.37357062967224,81.43946857708907,76.94190767875007
279,Hazel Mae,60.566810860946305,67.68882567614828,69.46244013225625
280,Iris Belle,60.72623546419125,38.0139356166291,42.32588377270336
281,Jasmine Belle,61.3952019141148,42.756695525604414,99.43826208035486
282,Karma,65.03852033661518,53.793866544043965,32.60952815841711
283,Lily Belle,83.32566609182442,52.13266856134185,33.59568354204245
284,Maple,66.5721334273043,85.5891904751534,93.49596965419619
285,Nutmeg,61.15120315929695,49.95371447175042,38.82989067697795
286,Oreo,59.312549143262665,64.53508382531834,87.19711100544703
287,Pepper,62.1349525551768,59.443894543237995,28.306458343693116
288,Quinn Belle,57.174824063496594,50.580311535404064,3.147774877120497
289,Rainbow,60.1474599791152,70.12927034135875,63.07053977352753
290,Sunflower,61.16084183790427,79.59745340777556,25.575503882813127
291,Twinkle,72.08354077447888,67.6076431090714,100.0
292,Violet May,68.93903766042912,41.55497898767635,23.548194121686763
293,Whisper,59.69420973785411,46.67592738912949,80.85638045574863
294,Xena May,59.4493650083358,90.56940369409934,19.302116184787142
295,Yara May,56.28357391674074,49.492172545904175,82.50003901686537
296,Zara May,60.642958721736974,55.830503874801,14.432529818277473
297,Angel,69.71814243645416,29.15605190179706,7.771587973016459
298,Bubbles,53.277355454926095,40.39873310200073,65.14729604646709
299,Coco Belle,67.49112497423936,52.4355443686948,0.0
300,Daisy Belle,59.93641137397191,58.19321070834523,100.0
301,Ember Belle,60.63239856909884,43.68135977133716,25.147697336230507
302,Flower,58.56822447058885,72.86004456941161,38.10144918003114
303,Grace,60.864825682738065,53.26118026668775,56.20330623245677
304,Hope,59.59526938457371,67.14579250364156,38.6102430672202
305,Ivy Belle,58.44563020411494,35.41860132308543,84.29091128174394
306,Juno Belle,59.521119812687104,63.797058679963804,100.0
307,Kalea,81.5422450172481,50.07802888205813,21.822855938501707
308,Lily May,59.75087585852516,55.506567868103865,100.0
309,Misty,59.725771873848316,68.85754144291086,25.037989182272845
310,Nova Belle,59.41568479066715,78.99199268660409,73.69677834658361
311,Orchid,59.20993002175662,81.12162021128704,24.16235889112957
312,Pebbles,60.34516689534529,58.953244862094465,66.4355955105053
313,Queen,45.486247167753405,86.99638555657391,50.20795771193847
314,Rose,65.4389028309159,52.46654345487183,40.47138124964739
315,Sky,78.88276945702671,72.55236447855826,26.390064946713814
316,Trixie,54.97976131602703,59.62229931823405,61.59851206549226
317,Utopia,59.458443691630755,51.995098594711756,62.73102323906643
318,Violet Belle,59.783068242280706,56.208952408086716,17.390075351307573
319,Winnie May,57.03903267139634,69.88563146241047,56.841696987854235
320,Xena Belle,53.04109956839333,69.85166750468889,68.33565059190789
321,Yara Belle,43.85740614430962,57.875070148722735,59.61092524687037
322,Zara Belle,61.27495042214864,68.48552071598442,6.598876689954899
323,Apple,56.570192299973776,63.86929279225919,18.92668971664962
324,Buttercup Belle,60.326454770605686,54.260116774238185,49.300251287929015
325,Cinnamon Belle,60.79236942096359,75.86823893012834,42.662839940714186
326,Daisy Belle,58.26170658763183,71.38106014028712,71.16582932709801
327,Ember Belle,58.55237060634451,59.19441070843734,71.9302137439784
328,Faith,62.574993705956786,35.97860827447191,66.22478681736968
329,Gloria,60.52261990373025,61.85700134898371,80.04798167201045
330,Heaven,60.309151614509815,75.55296458711034,65.36485530721502
331,Ivy Belle,59.54736999025526,53.04858440502169,87.07919241392312
332,Joy,61.090102992081505,44.57436005527713,11.614157629266245
333,Karma Belle,51.013482024437984,49.32519726570741,54.434099157928024
334,Lily Belle,50.226441482851804,56.77019832292219,22.843629417852917
335,Meadow Belle,60.54333460788094,70.43586803433169,19.47523582724499
336,Nala Belle,54.803137678101535,59.5122386060205,49.966403303121105
337,Ocean,59.92725684627072,49.823622629630165,32.075803377257884
338,Peaches Belle,60.601279588654165,52.258194343746474,45.95590135962522
339,Quinn Belle,58.20710852668555,75.07419148422531,58.3443966010704
340,Ruby Belle,59.54071966944842,39.97285058603135,54.72755380525175
341,Sapphire,65.26963876007072,55.41992783170818,100.0
342,Tigerlily,57.90528823687344,37.04332563063515,18.878101698181
343,Unity Belle,60.59575976853268,61.84877190548229,15.36187343500719
344,Violet Belle,59.585258211956216,35.73585320435581,24.486632464815237
345,Willow May,47.9685130062432,53.021673453859535,34.83927764157668
346,Xena Belle,68.4078444077647,48.38831507331059,91.85173592469657
347,Yara May,69.61163312930829,96.50072683833652,32.07053580691137
348,Zara May,62.79759911770064,82.01100009732188,55.771206651915946
349,April,59.32472633787951,52.81654384908841,32.71759918431782
350,Bella Belle,69.5389489274911,68.32161054753065,76.7772766172232
351,Candy,69.821643425012,64.91016853598099,74.42555645829133
352,Daisy Mae,59.47157852806042,66.42627816189952,52.75976059746103
353,Ember Mae,63.47304833636407,59.27640326510624,100.0
354,Felicity Belle,41.360167833683285,49.24188087994621,55.41818738776739
355,Giselle,65.8771799218422,51.483976871498186,0.0
356,Heidi,59.723268305453146,41.406550114801824,0.6766694672996536
357,Isabelle,60.58442933449699,64.52593143577107,67.62296658551571
358,Jasmine May,61.23732286724679,78.89685500840713,4.255439917767674
359,Kara,63.23497284310793,54.17490270775563,100.0
360,Lavender Belle,78.75005925551399,75.98089114340513,100.0
361,Mia,57.24843280327402,62.00834561568541,36.48849661155864
362,Nora Belle,55.49947925459036,83.18725041899111,40.498148130339096
363,Olivia,62.54446620297411,60.033396689081,87.82839956076917
364,Paisley,60.000184216678434,66.42557346195905,33.806393195396375
365,Quinn Belle,60.33751720420926,63.299914286489305,3.791541369162779
366,Rosalie Belle,72.66798111505872,35.19241605062085,93.41409512175214
367,Samantha,61.13340064038119,72.07410210720373,25.95943300139085
368,Tilly Belle,55.994348574665324,61.32751551743832,40.158636494605034
369,Uma Belle,60.7107091059149,68.0526668980518,72.5910935693526
370,Violet Belle,62.79715807262311,54.296770447565464,25.342202352669247
371,Willa Belle,67.63783288733566,51.9918265944929,41.55773205838507
372,Xena May,46.77435739957871,51.71157357403087,73.37820915990186
373,Yara Belle,65.48777618202018,54.62373439056154,0.0
374,Zara Belle,60.78827212941861,63.07703071960794,78.53555805338056
375,Acorn,60.23261741732522,53.82234767403155,36.53211232538775
376,Bella May,41.329273798782886,54.76521774615943,47.799958689618705
377,Caramel,89.61209125928477,65.55665469192685,25.05239339858086
378,Daisy Belle,61.78489428369393,82.46472236704976,80.42382997193312
379,Ember Belle,48.773496192050395,73.51494707454279,24.639262701125016
380,Fern May,64.37532867684412,42.61503922244332,59.45129867788923
381,Grace Belle,67.38664475432321,62.141674911024104,46.46916687817712
382,Heather,53.79319927483317,73.17431757975815,62.12512525672577
383,Ivy May,63.119859841180805,56.678395773538625,74.00557285283818
384,Jasmine Belle,53.77091721816046,46.73796551650939,50.625622569234515
385,Katie,56.13120722007732,57.27353129981556,44.741786867929505
386,Lavender May,59.50208368347957,23.83037091870869,100.0
387,Mila,59.3259549235277,100,25.74279224472561
388,Nutmeg Belle,61.31568996948736,85.61018759001314,22.95690277417993
389,Olive May,46.60915169208989,51.062477174154075,29.567240893017406
390,Peaches May,59.8145349935686,60.92665724089931,29.520965294895742
391,Quinn Belle,59.73484581032863,38.5723245683946,59.549453918712565
392,Rosalie May,65.57182771877734,57.19577480437879,100.0
393,Scarlett,73.47936597133221,49.90569132844249,8.844825410406465
394,Tulip Belle,59.7004975697476,27.99222944045475,46.99644908153687
395,Ursula Belle,55.201642008088804,59.874742838335145,71.41447896866025
396,Violet Belle,60.96929564932951,29.25636304343086,35.171432034743646
397,Willow Belle,51.06730953120937,47.104605789360505,11.607689919523786
398,Xena Belle,60.85533454280385,67.06515777403527,51.80758664108431
399,Yara May,63.6126440307853,74.15075234273374,13.82461071959603
400,Zara Belle,48.7472428703483,67.16225761474749,53.10304243145749
401,Aria,61.80645079869887,46.799015948577534,29.97545317023558
402,Bella Belle,76.91536087679223,49.4636436344978,19.48989101302382
403,Cassie,60.57770972575465,33.708879870988824,48.735372461738535
404,Daisy Mae,61.270442832763464,72.65826240072798,80.82726400095856
405,Ember Mae,60.18248254274864,31.740455365863266,19.147446298770948
406,Fiona Belle,68.2106433175231,66.38509306447551,43.529214416016046
407,Gloria Belle,67.88602769727017,53.5119668059904,4.960921172618185
408,Heaven Belle,61.614179688349715,56.15951345157666,27.277996043903663
409,Isabella,60.19439100640261,63.58780970361127,61.68529227270035
410,Jasmine May,59.56610489119538,60.16415481813776,77.78206115219615
411,Kitty Belle,61.48288315173852,46.76685913945821,86.31479617908425
412,Lavender Belle,57.044130727901866,37.891850209319045,69.6838186607624
413,Misty Belle,59.867520826152294,62.75707048382551,43.444412548880564
414,Nala Belle,58.38854894966417,29.922145315243824,56.127973476320406
415,Olive Belle,64.87082233442564,66.59112414894685,0.0
416,Pansy,61.007082111899976,100,48.14920359261788
417,Quinn Belle,60.34080341644305,61.63130035186555,40.83631528008176
418,Rosalie Belle,59.48538800270223,90.21598122469828,59.39709289252882
419,Sienna,60.50505206458688,60.52315322651468,0.0
420,Tulip May,55.531699148124716,71.08540365192306,43.43426081930175
