1,Mooey,60.141622438976015,62.33123501746515,62.90021199141762
2,Daisy,59.53091742797292,83.32080118943406,13.52894977654524
3,Buttercup,63.456682307986625,37.687339814755866,84.99274923222447
4,Bessie,54.18518678397181,51.594235600582174,65.83556781226909
5,Clarabelle,43.91109362705301,45.83248632689885,55.48211686657087
6,Clover,45.78828244063488,58.103509397329525,51.86477637845585
7,Holly,56.64993832761071,62.59144096925633,25.805711651208018
8,Rosie,61.0295198418492,52.79725334745609,60.83725175609225
9,Luna,60.967423574190235,60.546584014440555,0.0
10,Molly,59.80579786791177,37.0630424193192,8.581105505706333
11,Ginger,64.07828303662556,78.730996824831,10.766411349424544
12,Matilda,61.177730635594735,70.87878723590576,82.42398093268879
13,Penelope,65.25312885119446,78.71740120190502,100.0
14,Fiona,60.49946311009895,87.19180110148544,62.433280941281716
15,Hazel,59.024651345440816,57.202856713973055,83.0274258777744
16,Freckles,75.49270051065733,61.23703078485666,35.369430223693115
17,Petal,70.026301670725,62.277094828685634,100.0
18,Dottie,59.871173852012966,47.15298652973884,62.74886744314247
19,Pumpkin,60.89768065753857,73.35938609420026,71.28135316156802
20,Ruby,57.19218964897511,62.09735907868463,69.68823671458182
21,Willow,51.06261185733429,51.68987416551724,55.77480390178067
22,Clementine,69.11597290747657,66.79614329562408,54.39456457684616
23,Poppy,64.48981015120484,75.24155318363331,100.0
24,Jasmine,60.788850055927426,5.766787531384711,29.691852285351487
25,Lily,50.70928982343367,46.77197393010796,67.39631608750503
26,Bella,61.01137138929144,55.39324855054028,31.330844031317223
27,Lucy,51.551324266589475,46.997571544935056,22.37862459932193
28,Charlotte,63.946743769408606,62.53122767627604,38.726241568837295
29,Stella,58.38526728381552,57.62878313760914,77.16827856008821
30,Sadie,61.65781764166113,57.172524650066045,14.678608600970101
31,Lola,57.96757518371311,40.6857825381131,33.427134761395976
32,Annie,60.85989390248221,96.64202029889285,22.738191203080763
33,Elsie,59.386075449049116,71.96539584602795,88.36175572652343
34,Millie,52.781927752431905,89.23543628653357,46.2008766368871
35,Pearl,59.47016541226275,36.011806850007176,34.254133574949975
36,Rosabelle,61.293236420882046,50.10818926632317,4.744572594701708
37,Winnie,49.291127642502914,64.06088365885739,1.3813068620934246
38,Beatrice,60.559291459212915,56.137639548260886,65.50010887472308
39,Phoebe,65.59495537110179,69.01045833783759,93.48674699317641
40,Violet,58.595146989183256,54.653565575680545,43.20772383101649
41,Maisie,65.43602376704796,77.96748553914779,74.70516656324033
42,Minnie,65.50738602789355,55.785211553017426,0.0
43,Olive,57.485897139212085,61.195887900966916,34.546375336127326
44,Georgia,61.61211715677959,67.59728603452041,100.0
45,Delilah,56.76459201323919,66.01530585867202,59.887233108014826
46,Honey,59.29115494595288,63.80787991689119,5.477288364812608
47,Marigold,66.77366997096524,38.81586566754198,67.40833981388917
48,Delia,68.68412551739031,70.53999309954631,13.824862151210986
49,Juniper,46.82198696909439,69.92922323981435,39.341617018442115
50,Martha,69.2318408959522,77.96106327324254,28.50151088703295
51,Greta,60.75999659449773,30.46756425788527,100.0
52,Tulip,63.09922284843217,79.13779895449414,2.009997239864056
53,Daphne,58.994037488513975,41.02019254114573,58.52341324317557
54,Fern,59.59616816876751,62.22050898519383,24.9690887382335
55,Opal,59.73028663303283,64.53592761921645,68.90968519657295
56,Betty,70.39780769175486,70.21839925947287,18.78572691868777
57,Daisy Mae,57.32880131536706,69.96509561870577,58.528285781907265
58,Coco,59.67607372542016,82.5836659174069,61.67644245765291
59,Eleanor,61.150867105359694,49.53903096216966,83.88839997417709
60,Nellie,60.25984669012883,52.31089317987423,24.917832326585515
61,Zelda,47.49250177548541,90.93346046806423,47.11504523133881
62,Rosie Mae,58.71662257581467,37.83333210164948,72.02024036451519
63,Gertie,68.19056771428765,42.61567185830535,0.0
64,Flora,62.96848263614526,68.62000637872984,100.0
65,Gemma,64.14533325883751,38.7078064918225,41.358168167645324
66,Ada,59.39778969652704,58.748058974271665,26.47595633654711
67,Harriet,57.31982554970975,35.557676724458936,23.86478980938031
68,Mabel,40.05246103146246,87.40444895477304,28.639046178983996
69,Cora,63.32240302812796,69.93402986036241,5.721675567880197
70,Ida,59.858192027361554,54.15883645791444,66.91992448956634
71,Esther,58.43791543133066,72.33500719251536,9.616408691364825
72,Nora,60.009165791379935,57.04154599736748,42.14626063965063
73,Hattie,50.04643023369044,70.70022148339739,23.95723373524257
74,Willa,59.226982669617996,69.12398360386055,52.45731274570316
75,Adelaide,75.14805960333562,46.13289443277626,34.52114947546283
76,Winifred,59.05957309630764,72.88553655131984,80.93631667739581
77,Louise,61.14027670501139,54.12221689799335,17.305774433071598
78,Agnes,59.4914163580475,66.0045400549832,55.47399935075492
79,Bonnie,43.395663370352366,46.93160123535797,62.969411620993355
80,Edith,53.35047903202147,59.156781932275244,27.950803222197695
81,Imogene,57.004035967738204,44.30516126133325,16.87390728369757
82,Josephine,60.59944650264541,37.723543658464216,42.954418352005376
83,Lavender,60.56830807981144,59.80235560383559,70.3181508235252
84,Martha May,59.179548337753104,39.27757696218003,62.1395140440342
85,Ruth,58.94110771810756,50.73437325664689,41.67141222258546
86,Sylvia,58.701252255990866,56.65567841880817,43.49961150814799
87,Tilly,59.73004589354261,43.37489893338901,64.75540038248161
88,Tabitha,61.04174057075836,59.83742124033542,100.0
89,Henrietta,59.691761750563046,72.90404696436761,5.369201067481448
90,Lorraine,61.033467998211144,51.66475871511294,33.94115951652263
91,Maeve,45.94097215190304,90.78510470052345,31.03826692613989
92,Prudence,59.20910874845806,84.50403412418352,16.964836003282628
93,Sally Mae,59.21584109810003,53.93514938390071,59.02006784161211
94,Dolly,57.368556711773365,71.84568611678263,27.76148907866112
95,Gladys,57.35892152404123,65.80312229750585,51.15944957964427
96,Harper,60.82781439587569,72.96963203616453,59.00737407126234
97,Harmony,60.614854761091635,58.49205599660143,25.832220196136294
98,Iris,44.729926125228914,84.22587243349719,18.20419794023262
99,Juno,60.73563213558589,78.64277865446996,61.29993186726804
100,Kitty,60.97941494839628,56.387969170531626,97.79374802628925
101,Lacey,58.94545869235232,49.10941061429064,85.37359925655221
102,Magnolia,61.237601875264545,64.31666806190695,7.921143474914004
103,Nancy,59.359876888753405,80.38393249532396,65.84583171002089
104,Ophelia,59.3028472989553,81.66017082275982,48.99375351443238
105,Patsy,54.531422671810105,90.9279588443129,62.523800388958875
106,Queenie,61.1153876083605,76.62838359738396,85.81188736729314
107,Ramona,61.7149868246568,73.18469437688427,82.56157666971049
108,Sable,60.99602441107611,51.08396544932133,24.028749779808063
109,Thea,54.443855983798876,50.91649037985306,86.53163508648117
110,Una,58.6145093702032,65.4030814721695,91.95578198280276
111,Veronica,59.41384906157465,62.54922639136555,49.66613801050426
112,Wendy,58.275145709211955,61.53387784812681,73.77893511511023
113,Xanthe,64.94088260406225,52.75884632040476,31.53581355452371
114,Yvette,67.77655742079531,45.53017838640484,100.0
115,Zara,59.65128753643372,45.00500405557707,34.535249441990814
116,Abigail,45.31229626228172,33.90367361663285,75.59046550149935
117,Brigitte,55.00767993693853,63.509970526191154,43.94085861133597
118,Camilla,62.376809661356404,41.99725340519808,71.23725420933042
119,Dinah,47.82757917850855,53.1007307889968,57.0831509441794
120,Eloise,43.978948293186946,64.6210433180063,57.777984981208206
121,Frances,55.16221541347025,58.30830631551406,44.3811902292643
122,Genevieve,44.36214349442996,63.71531001474606,54.014256856812516
123,Hannah,58.43926337857857,79.54435990596201,31.42036942324798
124,Ingrid,60.87213320959321,49.83632006354693,100.0
125,Josephina,52.12917836457539,71.61261550091314,54.031203654485644
126,Katherine,63.8166214983201,53.140462958979505,21.868079816249026
127,Loretta,57.305637829800006,90.19800861690626,19.880901206900113
128,Miriam,59.7011505560294,62.346768099052575,39.740317769883426
129,Natalie,59.74422311647856,67.60445647367357,86.25910683365714
130,Odette,75.94974962902869,49.469136313831235,0.0
131,Penelope Mae,70.28943361317799,72.7516273059832,28.933718004613617
132,Quinn,63.89431783292618,96.06703866008365,84.23940177250341
133,Ramona Mae,63.13363588103738,67.85903382341716,47.22545831209767
134,Seraphina,57.74068255343811,47.59351796842854,37.460697623584096
135,Theodora,51.237308213821,42.60616367652075,76.45981606398061
136,Ursula,58.69549269530752,54.76425317828363,62.54099039497112
137,Vivienne,59.75013560960111,64.36404424753562,40.71937867572966
138,Waverly,59.63860988582807,74.80608131650693,34.56253840356732
139,Xiomara,59.586790498198134,32.317087605857246,100.0
140,Yolanda,58.3986284443969,66.1904166670136,44.09717925472032
141,Zelda Mae,75.08002874064194,57.84146294455052,87.25394864866774
142,Aurora,58.91077999292296,56.74302826950208,67.13559405579488
143,Bianca,49.13001930260316,63.81277715597463,35.8259926911321
144,Calista,60.71391999798809,51.712621083269944,21.93261941696714
145,Diana,64.24477002189089,34.10199070211995,33.34190354647399
146,Evangeline,58.51659696518398,53.400560542524296,71.0477725744291
147,Faye,70.81053107400825,46.977632935116084,0.0
148,Gwendolyn,52.21049368223948,52.08597715052207,62.763865043904985
149,Helena,54.60632051913516,47.41431153193508,76.33973358237382
150,Isadora,59.85696790646543,51.711078030949245,66.69281074927311
151,Juliana,59.6257927273427,53.64749364392884,45.21506791974581
152,Kiera,60.119830395399546,77.92762958730513,35.937992469871375
153,Lillian,51.43234906761493,53.825652003232726,50.01521986989301
154,Miranda,46.14454060593881,43.06522160204612,68.74326646130689
155,Nova,59.24360748782298,57.33474932965876,74.75974166519512
156,Octavia,59.149276866234956,57.42609578224816,59.49820912662032
157,Primrose,60.72746766979763,44.412986965921604,45.059270258595305
158,Quincy,59.42587162230019,53.41269080757486,46.49556087716784
159,Rosalie,56.85142172258686,79.45630809130415,20.898935320976243
160,Serena,43.671213572375,67.2260599028614,93.73423125138618
161,Tallulah,59.260666246428514,39.130676854498724,94.24673690282782
162,Uma,58.73604203124367,48.0831839246561,60.039566322031334
163,Valentina,77.90087902322065,66.88886851450808,29.40240527106997
164,Winona,47.59027293716229,45.328650881025155,39.50909855234608
165,Xena,52.361015150013635,56.91337884873131,7.41370768225957
166,Yara,70.03167978249616,46.303214921165846,81.61806503634088
167,Zinnia,57.9461727765235,36.48534963412905,81.32026840070057
168,Athena,64.20712060163896,38.673001472988204,16.48477173283078
169,Brielle,84.3800474755854,72.7581969041826,3.385035494074316
170,Calliope,59.372206590919866,22.90760303558989,78.24874768844333
171,Dahlia,72.93011538947103,70.48790413956502,17.153754461222654
172,Elara,54.33026152412996,20.494059313692542,100.0
173,Felicity,60.44997883716736,61.21710311377163,40.98332148826616
174,Guinevere,59.231470720424056,49.5610938951856,69.81785447053346
175,Hermione,68.09360841147365,88.22669962418551,78.76899887271583
176,Isolde,60.61312688133296,65.88101399671511,14.754022763006404
177,Jocelyn,60.651004151981596,40.31235823265006,23.408351652743086
178,Kaia,58.4846593545431,73.93858886147028,46.41912251740441
179,Lavender Mae,71.57335373445905,75.5394737614174,88.81613331216437
180,Margo,52.788635056128534,34.77085466078369,24.31661590355249
181,Nia,58.66837676044538,70.82584312017859,32.014312373863035
182,Olympia,55.12909655581705,71.87919804280037,45.04129195627968
183,Persephone,59.91179347995012,78.377713009946,22.215255503030715
184,Quenby,58.81966347345227,42.801894476970574,46.82625898569183
185,Rhiannon,55.80251309114577,64.26090244277545,67.23599450376925
186,Sabrina,61.50784296767348,45.88389272036939,56.16262735447586
187,Thalia,53.535505546490334,67.24607163034295,46.209972283928956
188,Ursula Mae,59.76016230967838,70.70360427315225,1.4169724317606054
189,Vera,65.77609286112208,50.76081805072838,51.05602499834644
190,Winter,62.404434739787135,65.30172484966286,14.924230035103953
191,Xanthe Mae,60.31336414510227,100,18.430176481509886
192,Yara Mae,58.535680240312495,45.81747642467033,41.17768050664687
193,Zora,60.57198868450577,86.95517435315558,17.72984118298581
194,Amara,53.04188801554409,49.96524256085546,73.80678807548284
195,Bellatrix,54.82169616181178,82.74493883259036,27.086028146669253
196,Cassiopeia,60.65226574828381,58.26487749092294,75.49006273806116
197,Daphne Mae,59.54177706708572,60.17000562344563,94.54234477676545
198,Eowyn,63.74820597735447,58.45188328461241,33.753344564485104
199,Fiona Mae,51.36291754075798,64.26881536050087,55.02620663829805
200,Galadriel,59.028471327585954,46.73199795452028,77.08276367147224
201,Hera,47.866699996625215,34.227795706106406,50.31917041608622
202,Ivy,58.110998591069595,46.55766512937481,72.30880662309471
203,Jade,69.49364481372851,46.98513016829287,51.06688287935686
204,Kira,67.99021331011485,74.09519551027509,47.03755901577599
205,Luna Mae,71.62901736203806,63.45792951390505,78.40569668770323
206,Maeve Mae,60.84104371898775,40.73226438548835,34.61049046781984
207,Nyx,69.27981406772223,61.16867218581112,19.03778479137982
208,Ondine,75.24492687932835,69.3323926268871,100.0
209,Pandora,59.15246327123549,88.22078778267002,59.45635231930545
210,Quintessa,61.27008075686,45.83015576062586,70.05771480782352
211,Raven,60.4979506137912,58.334648009032044,0.0
212,Stella Mae,58.88361221230401,69.68808526928875,0.0
213,Tara,59.46016479085359,63.95781785260591,78.19061911754267
214,Ursa,56.790151446049634,61.68406937592445,9.93529163521034
215,Vesper,64.7120988756352,33.03051431413952,0.0
216,Willow Mae,54.716981168638455,44.513592286383656,0.0
217,Xena Mae,63.11955701650693,60.32072156632253,19.70146529511383
218,Yvaine,59.31085207698218,48.46270958711039,84.31000082936953
219,Zephyr,77.0718628958524,59.85534946814227,33.41197235602148
220,Amethyst,66.87061208305848,48.95794601304307,73.02536624280881
221,Belle,60.9043590362581,55.33076650302394,66.95338159083224
222,Celestia,34.09590709497844,67.3327703534169,67.47862863190866
223,Dahlia Mae,76.45443132910286,70.39000194521579,11.52322953465346
224,Elara Mae,61.172053118836764,89.39854862479022,69.60176582284927
225,Fern Mae,59.67268396647751,52.56394798976231,41.09097666912308
226,Gypsy,61.47595962724747,73.47223303948837,86.24318177382722
227,Holly Mae,79.86111796278813,41.06841536045476,38.376739168508
228,Iris Mae,59.501239154195495,35.213227664487576,64.18035659020902
229,Jasmine Mae,61.00509210945501,68.27802739778244,68.15093426404738
230,Kismet,61.03635817565486,53.50048149003916,99.06315715984539
231,Luna Belle,69.05502982006415,90.09481729801767,3.8812457744695905
232,Meadow,60.56907335056055,66.69904921213303,80.33564097704574
233,Nova Mae,69.16117184812931,65.2182420660047,0.0
234,Olive Mae,60.41340997459353,62.698882712490146,17.05893551177852
235,Petal Mae,54.66624974039854,63.197426589214864,50.59313505325972
236,Quartz,60.55260611181609,76.10736901076132,0.0
237,Raina,61.02807308279586,59.85595201429583,31.03886781510989
238,Star,45.82584927574668,69.90148715580091,43.74397359810099
239,Tulip Mae,62.14113225008679,86.3789551855621,88.50945447616668
240,Una Mae,62.75177017397713,55.721064203540834,0.0
241,Violet Mae,61.89464035979554,78.22248404587164,83.19078492969925
242,Willow Belle,61.87569867554079,84.45725152685765,18.83247961057288
243,Xanthe Belle,57.9090862805577,55.1804121260148,40.75104133755657
244,Yara Belle,60.19939881121977,51.14604311548273,21.309581602815385
245,Zara Mae,60.82522277276252,70.65161688837573,0.0
246,Amelia,60.33017097602389,42.3164352647542,51.064332055366144
247,Blossom,57.2215001267706,52.58060597515373,81.38329008170857
248,Cinnamon,65.18219507032066,37.52929429247298,0.0
249,Daisy Belle,59.379292808407925,77.44054983981705,51.477786259373474
250,Ember,50.84811648930944,68.81937516786009,73.96190964377153
251,Fawn,59.62144618714456,69.75470113113008,58.58965464723371
252,Ginger Mae,65.07515213231302,55.57547220639249,20.00415306278976
253,Harmony Mae,58.29550983270781,68.99436192998657,48.715729223308855
254,Ivy Mae,66.4434703993184,70.82663487786199,64.35836122310374
255,Juniper Mae,65.53746196358856,51.47276455338921,0.0
256,Kaleidoscope,43.17055062244837,56.920686281833966,59.20861935349502
257,Lavender Belle,60.552840585812596,73.7317973535441,15.618533889861986
258,Meadow Mae,60.092537833482716,44.617446627620446,46.29540999299665
259,Nala,41.64333022799787,76.69204358397307,46.34167829929327
260,Olive Belle,60.576828852269614,32.27856886843522,15.485333211369912
261,Peaches,60.29056270429568,70.23511196906722,6.556204035016549
262,Quinn Mae,75.89924463040599,61.07025789434634,19.78591231230141
263,Raindrop,62.31477144124586,58.080394607969424,52.83656055695951
264,Starlight,39.24184958767962,78.17677967514477,60.33637488396256
265,Twilight,57.431136838255966,41.79905182423973,44.50802778887333
266,Unity,61.77300410837883,54.87115569531648,0.0
267,Violet Belle,59.81466921187609,69.99304056592992,83.52461069033635
268,Winnie Belle,57.258122472051404,96.2882882313228,33.88653112230915
269,Xena Belle,62.14344456405852,59.56054472743395,100.0
270,Yara Belle,63.79066316303095,57.86045434272186,46.96844052241869
271,Zara Belle,56.30503709023455,60.90881307355976,52.48133991718692
272,Amber,58.483498010794,48.032012549930236,61.25863738923675
273,Bluebell,60.18819193869191,50.80790728652722,42.899831224959705
274,Cocoa,60.59574598015712,60.161307053813545,84.72801685475343
275,Daisy May,63.469826579936374,68.9947660814381,36.64221923821166
276,Echo,46.897174477244185,68.72574907750375,20.743299494994925
277,Fern Belle,60.55440845522459,78.17157895207566,21.493692509974903
278,Ginger Belle,69.92041083615099,78.92412068906363,76.94190767875007
279,Hazel Mae,60.967627372641914,62.13424379657587,69.46244013225625
280,Iris Belle,59.90716375894088,40.2054069509406,42.32588377270336
281,Jasmine Belle,59.44625278985782,39.81821539738743,99.43826208035486
282,Karma,65.48987626440795,62.121506550736406,32.60952815841711
283,Lily Belle,82.56040923710198,39.70073057311301,33.59568354204245
284,Maple,68.18901916063616,88.84216323263105,93.49596965419619
285,Nutmeg,60.81028134669718,53.768343698547426,38.82989067697795
286,Oreo,60.970783069448075,67.88958909123534,87.19711100544703
287,Pepper,62.13082116092487,70.6862261407875,28.306458343693116
288,Quinn Belle,61.09493622983588,52.205404799953406,3.147774877120497
289,Rainbow,58.88928119189414,73.69063475356906,63.07053977352753
290,Sunflower,59.109601307911305,90.39621592616996,25.575503882813127
291,Twinkle,70.42588376659857,74.21324208000695,100.0
292,Violet May,68.83172302314804,28.935759752421497,23.548194121686763
293,Whisper,60.229048179185426,41.074654104910415,80.85638045574863
294,Xena May,59.51536209850277,90.00126005771432,19.302116184787142
295,Yara May,55.81037104983957,47.22919009926103,82.50003901686537
296,Zara May,59.89278859470971,50.16190516930192,14.432529818277473
297,Angel,69.5556128298814,31.70819903050471,7.771587973016459
298,Bubbles,55.59603826702328,42.82415747235758,65.14729604646709
299,Coco Belle,67.66918342957918,57.76422373028643,0.0
300,Daisy Belle,59.56091771022912,53.15983149575387,100.0
301,Ember Belle,61.24795863393117,45.72412181774318,25.147697336230507
302,Flower,59.09283420576705,67.08271398330194,38.10144918003114
303,Grace,59.90142476423607,45.55100396102915,56.20330623245677
304,Hope,60.77971918408879,68.92294858086302,38.6102430672202
305,Ivy Belle,58.11784502276078,34.404071077555855,84.29091128174394
306,Juno Belle,60.90308602741076,62.068920375953894,100.0
307,Kalea,80.78827047070497,40.955992482237676,21.822855938501707
308,Lily May,58.94189772608677,58.15611264648102,100.0
309,Misty,59.065438804499834,61.81622976251716,25.037989182272845
310,Nova Belle,60.67375406151827,79.01558602391287,73.69677834658361
311,Orchid,58.7511900712017,84.25801130159087,24.16235889112957
312,Pebbles,60.61190014063878,61.85478304236699,66.4355955105053
313,Queen,47.111476674585155,98.20108881913593,50.20795771193847
314,Rose,63.029357435882524,59.047467454429594,40.47138124964739
315,Sky,76.97367269821878,75.5293849627265,26.390064946713814
316,Trixie,55.84734644621166,60.579927129495125,61.59851206549226
317,Utopia,59.612283205763035,41.91155363694121,62.73102323906643
318,Violet Belle,60.3664422219705,61.04530742737921,17.390075351307573
319,Winnie May,59.38773823623465,69.71412604420603,56.841696987854235
320,Xena Belle,53.10427110719006,78.00490735229198,68.33565059190789
321,Yara Belle,44.638565471903505,57.652637004003104,59.61092524687037
322,Zara Belle,60.23568494913725,58.57950801327651,6.598876689954899
323,Apple,57.56932187561837,67.13079628052884,18.92668971664962
324,Buttercup Belle,60.539628750539016,45.6113160848582,49.300251287929015
325,Cinnamon Belle,60.34933994480061,71.27159323408479,42.662839940714186
326,Daisy Belle,60.91777723503735,64.9630672975805,71.16582932709801
327,Ember Belle,57.223058768710814,62.90488563825218,71.9302137439784
328,Faith,60.97365937741943,33.744421625588124,66.22478681736968
329,Gloria,59.691838554088115,52.86569580467835,80.04798167201045
330,Heaven,60.211791742320294,73.98476589972097,65.36485530721502
331,Ivy Belle,61.41868499907055,68.1703202349571,87.07919241392312
332,Joy,59.77938430081529,35.310516124311874,11.614157629266245
333,Karma Belle,51.60381428846628,47.96659233857043,54.434099157928024
334,Lily Belle,51.565517971716766,56.84124233674467,22.843629417852917
335,Meadow Belle,59.90686843980775,59.26928772703782,19.47523582724499
336,Nala Belle,56.620509436793974,61.75568478242168,49.966403303121105
337,Ocean,60.564331560640014,51.14907042917486,32.075803377257884
338,Peaches Belle,59.59175001223045,49.316838090838615,45.95590135962522
339,Quinn Belle,58.808920340972605,82.71839013290263,58.3443966010704
340,Ruby Belle,59.98205965840922,31.811513822512886,54.72755380525175
341,Sapphire,65.54008407592215,52.49962780504574,100.0
342,Tigerlily,60.08969690387737,40.77901386880778,18.878101698181
343,Unity Belle,60.899270534760035,55.24786862021935,15.36187343500719
344,Violet Belle,59.48383677752541,25.71890385966997,24.486632464815237
345,Willow May,50.00930127421486,63.62611640347913,34.83927764157668
346,Xena Belle,66.05420312136089,52.48572841623348,91.85173592469657
347,Yara May,66.55333602833834,97.19234103912396,32.07053580691137
348,Zara May,61.93404223335974,80.12779678633713,55.771206651915946
349,April,59.93847628137106,61.62314862015826,32.71759918431782
350,Bella Belle,69.09100521398759,84.96939573644013,76.7772766172232
351,Candy,67.75189098891303,67.26722197110833,74.42555645829133
352,Daisy Mae,59.27365742680151,68.8493853632249,52.75976059746103
353,Ember Mae,60.3434697018249,56.50312917864319,100.0
354,Felicity Belle,43.58874304693786,47.84628091849962,55.41818738776739
355,Giselle,66.07919534362289,47.056061092935,0.0
356,Heidi,61.812565145517425,43.952635035746965,0.6766694672996536
357,Isabelle,59.941922831418125,63.1998800123746,67.62296658551571
358,Jasmine May,61.24145783798407,85.9844500509053,4.255439917767674
359,Kara,61.23466111361294,60.74061362491334,100.0
360,Lavender Belle,79.2334628965727,72.26306946582267,100.0
361,Mia,57.55030044894573,63.92046182501163,36.48849661155864
362,Nora Belle,58.51460224307826,76.37416063061387,40.498148130339096
363,Olivia,58.912716403758196,56.85732504317881,87.82839956076917
364,Paisley,59.209503639764804,64.6053036221267,33.806393195396375
365,Quinn Belle,59.62697402335711,63.36173822683438,3.791541369162779
366,Rosalie Belle,71.21577087408002,34.004031299922005,93.41409512175214
367,Samantha,60.69566456103487,73.21760885260863,25.95943300139085
368,Tilly Belle,56.076861868775566,59.238719744659896,40.158636494605034
369,Uma Belle,61.07728380264783,65.77394283335116,72.5910935693526
370,Violet Belle,62.14057325289082,54.92378280570557,25.342202352669247
371,Willa Belle,63.47719072727503,51.524223760095346,41.55773205838507
372,Xena May,45.092954184482174,52.492443571016416,73.37820915990186
373,Yara Belle,66.68530536231567,52.0545682581678,0.0
374,Zara Belle,59.47586643809768,66.47715406374654,78.53555805338056
375,Acorn,59.33768097271624,52.564437543336275,36.53211232538775
376,Bella May,42.34978468205672,47.60922283331203,47.799958689618705
377,Caramel,89.11442084946853,68.33131762658294,25.05239339858086
378,Daisy Belle,62.61215316428416,88.54573806847215,80.42382997193312
379,Ember Belle,48.57776801316007,80.32311742752205,24.639262701125016
380,Fern May,61.75910277818974,41.02737787768747,59.45129867788923
381,Grace Belle,64.71440606397444,58.959660394092985,46.46916687817712
382,Heather,57.879243878638334,77.50076922625057,62.12512525672577
383,Ivy May,62.56951781412598,70.19967581316111,74.00557285283818
384,Jasmine Belle,56.22342237147429,50.872990065227015,50.625622569234515
385,Katie,57.731162171464945,69.93806903539034,44.741786867929505
386,Lavender May,58.59946304948426,37.22815130436584,100.0
387,Mila,58.60409357401985,96.51979401405174,25.74279224472561
388,Nutmeg Belle,60.83429807518831,78.52713639855482,22.95690277417993
389,Olive May,47.344939291642845,53.12749273743462,29.567240893017406
390,Peaches May,60.00821417438214,55.917462787853864,29.520965294895742
391,Quinn Belle,59.55989656989627,30.37573344788313,59.549453918712565
392,Rosalie May,64.01419307870852,56.59060891456919,100.0
393,Scarlett,74.20768473229793,45.83230871283112,8.844825410406465
394,Tulip Belle,59.60454409276232,32.480091045293634,46.99644908153687
395,Ursula Belle,57.439087081263835,64.52547177941777,71.41447896866025
396,Violet Belle,60.97128204236473,32.96965316673946,35.171432034743646
397,Willow Belle,51.69461707207974,38.239804772197616,11.607689919523786
398,Xena Belle,59.738572250541026,58.03497666697875,51.80758664108431
399,Yara May,63.49085336149839,69.22312214818601,13.82461071959603
400,Zara Belle,52.50715514080783,56.676852258690786,53.10304243145749
401,Aria,61.08488671697799,60.44012059678166,29.97545317023558
402,Bella Belle,76.34869177011586,51.037070761971705,19.48989101302382
403,Cassie,60.19650099445342,27.82177654401974,48.735372461738535
404,Daisy Mae,59.661444348742776,84.37918718065414,80.82726400095856
405,Ember Mae,60.18568177705939,30.7364976369464,19.147446298770948
406,Fiona Belle,68.2857788826201,72.96269641834961,43.529214416016046
407,Gloria Belle,66.83620873744678,44.59426094897137,4.960921172618185
408,Heaven Belle,60.67417268570459,46.02178136934602,27.277996043903663
409,Isabella,58.967367446139114,70.86928844999578,61.68529227270035
410,Jasmine May,59.5395150148152,49.09793914333336,77.78206115219615
411,Kitty Belle,61.30253616831646,44.353970576287246,86.31479617908425
412,Lavender Belle,59.92490599564008,40.8263529164838,69.6838186607624
413,Misty Belle,59.486224597959534,67.20033274346858,43.444412548880564
414,Nala Belle,59.76749353061434,35.484862090803134,56.127973476320406
415,Olive Belle,63.734776416040155,50.40323755070217,0.0
416,Pansy,61.42926863454988,95.82959582667904,48.14920359261788
417,Quinn Belle,60.34354721785357,52.35149105062385,40.83631528008176
418,Rosalie Belle,61.06754751274174,99.05758532408414,59.39709289252882
419,Sienna,61.05301111491314,49.78491402802041,0.0
420,Tulip May,55.47761955351008,67.67473907520386,43.43426081930175
