1,Mooey,60.247713351818625,62.33186159512129,62.90021199141762
2,Daisy,56.73714097766217,62.33112287496273,13.52894977654524
3,Buttercup,72.59615003745544,58.87194937270114,84.99274923222447
4,Bessie,52.30096036195041,53.81833289147257,65.83556781226909
5,Clarabelle,41.95534988069338,49.92791503503624,55.48211686657087
6,Clover,46.79162616019086,60.57408805590831,51.86477637845585
7,Holly,44.97970717307239,57.75751476214692,25.805711651208018
8,Rosie,71.16350607972939,53.39209405254184,60.83725175609225
9,Luna,59.73897244729795,67.23329966173895,0.0
10,Molly,54.29905787009379,54.80404341720404,8.581105505706333
11,Ginger,66.03826904223254,52.03564466037986,10.766411349424544
12,Matilda,53.09571970066683,67.40682181042878,82.42398093268879
13,Penelope,55.48333084416033,51.02100319082055,100.0
14,Fiona,52.8915776745404,66.06613017807852,62.433280941281716
15,Hazel,60.894268020848784,54.97137989108626,83.0274258777744
16,Freckles,82.04505115006411,76.14083683466298,35.369430223693115
17,Petal,71.49731567205257,59.22603735406725,100.0
18,Dottie,57.56053927896062,56.36326320996991,62.74886744314247
19,Pumpkin,65.42230663012732,58.07222085155345,71.28135316156802
20,Ruby,50.36425078347344,59.047316031017424,69.68823671458182
21,Willow,46.215272714846826,58.361639072433405,55.77480390178067
22,Clementine,76.18549717297577,51.74293486584099,54.39456457684616
23,Poppy,66.45791421727243,50.918547928472165,100.0
24,Jasmine,53.86470181889159,43.64152699666327,29.691852285351487
25,Lily,52.11494314209108,51.645733779536215,67.39631608750503
26,Bella,61.742654966991736,59.94061029257688,31.330844031317223
27,Lucy,42.67834586357664,52.95733429088069,22.37862459932193
28,Charlotte,71.3058920557547,68.88523938174639,38.726241568837295
29,Stella,65.3177829843162,62.13186182920049,77.16827856008821
30,Sadie,65.45988368341487,57.632273860950335,14.678608600970101
31,Lola,51.054531211397595,59.39017718375302,33.427134761395976
32,Annie,56.47278410851712,60.740922780166756,22.738191203080763
33,Elsie,57.63799024778401,79.02858625925896,88.36175572652343
34,Millie,47.679511237158714,59.76562909375714,46.2008766368871
35,Pearl,52.096423988151145,49.018315519896646,34.254133574949975
36,Rosabelle,61.7092522740423,48.37372474372238,4.744572594701708
37,Winnie,37.68545146898252,51.1329317176875,1.3813068620934246
38,Beatrice,69.95858584658944,69.32202493894064,65.50010887472308
39,Phoebe,68.7859367990644,57.20167393418404,93.48674699317641
40,Violet,62.02533641880276,69.2325378347183,43.20772383101649
41,Maisie,67.89524149900568,71.58904921885664,74.70516656324033
42,Minnie,69.10412986246818,58.242949007158174,0.0
43,Olive,53.42908056211221,57.576062100226295,34.546375336127326
44,Georgia,52.743265809973515,55.27016442549944,100.0
45,Delilah,54.89483720446519,60.14612330172939,59.887233108014826
46,Honey,58.918021076976906,64.46800815594918,5.477288364812608
47,Marigold,76.25586428870736,56.43041693944337,67.40833981388917
48,Delia,70.93700963833457,61.31331371337018,13.824862151210986
49,Juniper,44.92136416464197,59.2014091319039,39.341617018442115
50,Martha,70.28925635756254,65.12109774467928,28.50151088703295
51,Greta,57.594694866805256,64.27914847792073,100.0
52,Tulip,65.95325695997414,65.76142240961553,2.009997239864056
53,Daphne,53.260761969857676,52.26615185856773,58.52341324317557
54,Fern,56.48007903331103,51.93809532841301,24.9690887382335
55,Opal,62.23460018981861,59.653378936452086,68.90968519657295
56,Betty,75.77427350287283,64.37843103859291,18.78572691868777
57,Daisy Mae,53.83594500089514,65.79116773283371,58.528285781907265
58,Coco,66.74401632248637,62.911255641058716,61.67644245765291
59,Eleanor,66.0321444274812,47.9479695754392,83.88839997417709
60,Nellie,58.07189679820258,68.13963318506744,24.917832326585515
61,Zelda,46.918827833294294,61.37054935162834,47.11504523133881
62,Rosie Mae,58.32025777664605,58.08248511908755,72.02024036451519
63,Gertie,70.73390982458488,52.71411708023595,0.0
64,Flora,56.025507548213774,59.69142834590925,100.0
65,Gemma,67.7539135131326,58.04932351673917,41.358168167645324
66,Ada,61.13122547957466,58.807963766723624,26.47595633654711
67,Harriet,52.73565191832543,56.281064343265456,23.86478980938031
68,Mabel,35.32564474310025,67.3910348443699,28.639046178983996
69,Cora,66.12694121505312,60.43739521265262,5.721675567880197
70,Ida,63.6469597381644,58.981448062887765,66.91992448956634
71,Esther,63.08748751209123,67.1162363196533,9.616408691364825
72,Nora,54.78664409960181,54.171709775619206,42.14626063965063
73,Hattie,43.09386997484839,55.59725981287568,23.95723373524257
74,Willa,58.13080164830759,65.2245109544944,52.45731274570316
75,Adelaide,78.75361677896271,56.55802129572868,34.52114947546283
76,Winifred,57.784536245804695,73.88577163530756,80.93631667739581
77,Louise,59.97142659192502,65.45310604700828,17.305774433071598
78,Agnes,62.70300381388824,51.316228050477925,55.47399935075492
79,Bonnie,39.648080538686784,53.83974497349327,62.969411620993355
80,Edith,45.64423510555647,62.1069888476413,27.950803222197695
81,Imogene,46.22607709171441,55.918471649422564,16.87390728369757
82,Josephine,57.14258254924314,54.17489430117221,42.954418352005376
83,Lavender,67.93896347418567,62.17178774731438,70.3181508235252
84,Martha May,64.29861794684416,63.646382457135644,62.1395140440342
85,Ruth,64.71860471458803,44.46686149682932,41.67141222258546
86,Sylvia,62.86750962927517,63.86927446542576,43.49961150814799
87,Tilly,58.742480026518564,56.75739356152225,64.75540038248161
88,Tabitha,64.47740159852722,52.82015222924884,100.0
89,Henrietta,53.03492485673406,66.96728194453686,5.369201067481448
90,Lorraine,59.72285819742527,57.036717186834295,33.94115951652263
91,Maeve,42.65315894805594,57.82550523374594,31.03826692613989
92,Prudence,58.64358870177683,62.86013991689313,16.964836003282628
93,Sally Mae,55.55714430016002,65.90715983676895,59.02006784161211
94,Dolly,51.84226687727395,69.97924984221343,27.76148907866112
95,Gladys,56.93248961264168,63.03281985090326,51.15944957964427
96,Harper,62.7742091754466,60.5017302671818,59.00737407126234
97,Harmony,54.991837104686525,65.80168130286708,25.832220196136294
98,Iris,41.79199703806736,64.25495709572579,18.20419794023262
99,Juno,58.15815877905122,72.83615782476909,61.29993186726804
100,Kitty,61.79773257237121,61.70550407892118,97.79374802628925
101,Lacey,55.148590232953666,64.83745754617962,85.37359925655221
102,Magnolia,57.467552233998475,52.107028799089214,7.921143474914004
103,Nancy,56.17601423007953,60.981614157980836,65.84583171002089
104,Ophelia,65.41306006036305,56.16228281688178,48.99375351443238
105,Patsy,45.534007030103886,76.26295665492071,62.523800388958875
106,Queenie,53.99442492985235,59.23504016414851,85.81188736729314
107,Ramona,53.72308009661577,66.00007678839442,82.56157666971049
108,Sable,52.950140363378104,59.00285875735949,24.028749779808063
109,Thea,54.764472076258585,53.91747779407987,86.53163508648117
110,Una,43.21420708574121,57.643188621916586,91.95578198280276
111,Veronica,64.16501946918636,66.71302029165373,49.66613801050426
112,Wendy,64.87936566201974,65.30309883170642,73.77893511511023
113,Xanthe,70.90607874917028,58.89560987350403,31.53581355452371
114,Yvette,72.33207223402907,70.48974908121708,100.0
115,Zara,60.11660416676008,55.480050881378,34.535249441990814
116,Abigail,47.32516875516224,53.99948702569213,75.59046550149935
117,Brigitte,50.767556588813406,51.647913532613146,43.94085861133597
118,Camilla,70.2785503039245,58.745602367408694,71.23725420933042
119,Dinah,43.7561021458821,60.05190729675206,57.0831509441794
120,Eloise,45.541943100175416,51.01155664279094,57.777984981208206
121,Frances,55.680474453131396,46.79595600503098,44.3811902292643
122,Genevieve,43.88693846410735,59.091770941980165,54.014256856812516
123,Hannah,60.04648499515726,51.943961579423,31.42036942324798
124,Ingrid,54.4159512652628,66.91503317127662,100.0
125,Josephina,49.32460917742176,58.57900239514331,54.031203654485644
126,Katherine,67.96189226988453,56.75941288249389,21.868079816249026
127,Loretta,56.332168977955774,63.81620522587647,19.880901206900113
128,Miriam,60.49360872923523,60.6911259512165,39.740317769883426
129,Natalie,63.73262920977343,58.01519489238885,86.25910683365714
130,Odette,78.17867179460784,55.847063945307866,0.0
131,Penelope Mae,75.98074392200743,58.992128715547665,28.933718004613617
132,Quinn,57.21288629572418,67.70888667553204,84.23940177250341
133,Ramona Mae,69.0792052078182,67.94818754098017,47.22545831209767
134,Seraphina,49.023810520881966,56.27891222275497,37.460697623584096
135,Theodora,53.54444356344814,50.48647129069098,76.45981606398061
136,Ursula,71.29413151438591,58.443084621959315,62.54099039497112
137,Vivienne,59.1600239164952,57.92442283353144,40.71937867572966
138,Waverly,57.87960472732443,54.46651918898219,34.56253840356732
139,Xiomara,66.7375788417523,52.16452390014572,100.0
140,Yolanda,68.12997656662998,57.8570704016842,44.09717925472032
141,Zelda Mae,83.37138524858658,54.87852811654044,87.25394864866774
142,Aurora,68.09761873033528,59.56493270797592,67.13559405579488
143,Bianca,45.53941965235498,57.45563491925933,35.8259926911321
144,Calista,61.929677511434676,65.40871773471477,21.93261941696714
145,Diana,69.44538564039578,57.522892170807026,33.34190354647399
146,Evangeline,55.465881855750794,54.51970803471297,71.0477725744291
147,Faye,71.42827913649462,64.15322961690345,0.0
148,Gwendolyn,51.550947768129625,62.80861174499944,62.763865043904985
149,Helena,54.84315907104514,63.1568660484391,76.33973358237382
150,Isadora,68.87425287746704,45.88348742183107,66.69281074927311
151,Juliana,65.10643064277284,68.78774382296588,45.21506791974581
152,Kiera,62.6985262273516,62.736281585562686,35.937992469871375
153,Lillian,48.52322971445269,57.169589436268325,50.01521986989301
154,Miranda,41.9865032244761,65.37679980696115,68.74326646130689
155,Nova,55.31046163473472,53.27758818194672,74.75974166519512
156,Octavia,66.58437270162051,57.3068546848875,59.49820912662032
157,Primrose,67.37991573276146,59.84581458367803,45.059270258595305
158,Quincy,62.12349255075863,62.36698183262374,46.49556087716784
159,Rosalie,52.761182736474915,64.67731700702916,20.898935320976243
160,Serena,37.324095292357306,57.29418980051038,93.73423125138618
161,Tallulah,66.20438067526312,55.29555962506439,94.24673690282782
162,Uma,60.636090974727786,59.63696998141385,60.039566322031334
163,Valentina,82.10331319076957,59.48271673169464,29.40240527106997
164,Winona,42.696827758724645,50.057619194952615,39.50909855234608
165,Xena,45.04611429930129,71.92675508463358,7.41370768225957
166,Yara,77.85166147194175,53.316575499428154,81.61806503634088
167,Zinnia,56.72937685353697,62.542324839588346,81.32026840070057
168,Athena,67.11423333730573,65.17384908300515,16.48477173283078
169,Brielle,87.41564924647938,63.727214402739776,3.385035494074316
170,Calliope,61.107955167114554,53.54789805594522,78.24874768844333
171,Dahlia,79.87281567159268,62.21327694169469,17.153754461222654
172,Elara,53.40137827214707,53.429910408215164,100.0
173,Felicity,58.03934554645395,56.51699035145952,40.98332148826616
174,Guinevere,62.39943791453177,50.12488317634477,69.81785447053346
175,Hermione,73.7691998403126,70.48695462997222,78.76899887271583
176,Isolde,63.42428203712524,64.42615872033356,14.754022763006404
177,Jocelyn,61.243154915963025,52.26701703672329,23.408351652743086
178,Kaia,65.52821316187786,68.06137493960247,46.41912251740441
179,Lavender Mae,74.80022239553584,71.77336410614282,88.81613331216437
180,Margo,45.356650560755284,55.48169580361134,24.31661590355249
181,Nia,64.72696510638208,66.88567165189093,32.014312373863035
182,Olympia,52.05334186298705,50.6767916800879,45.04129195627968
183,Persephone,65.4002184300348,61.46377691807796,22.215255503030715
184,Quenby,56.05672355680505,49.13183896344568,46.82625898569183
185,Rhiannon,53.813577438653546,63.180736809856676,67.23599450376925
186,Sabrina,66.47213961018657,55.34039513932155,56.16262735447586
187,Thalia,53.57785097143237,58.738501942778555,46.209972283928956
188,Ursula Mae,59.35367894739402,46.193879616318654,1.4169724317606054
189,Vera,74.40477081498891,60.160030502169406,51.05602499834644
190,Winter,66.16953358116247,56.20589687599396,14.924230035103953
191,Xanthe Mae,63.34264968204439,78.32286525524822,18.430176481509886
192,Yara Mae,55.31764629023771,54.41718541539568,41.17768050664687
193,Zora,66.53403893191008,71.30574583074218,17.72984118298581
194,Amara,44.53222705053104,54.03715932284962,73.80678807548284
195,Bellatrix,52.8172827486648,65.23304588561858,27.086028146669253
196,Cassiopeia,59.98851108918248,70.85056558184779,75.49006273806116
197,Daphne Mae,64.60852856477416,58.16730175686256,94.54234477676545
198,Eowyn,68.96757376596508,67.44842427558659,33.753344564485104
199,Fiona Mae,45.3853400365605,61.659587383860156,55.02620663829805
200,Galadriel,53.93571605452803,69.12252819829618,77.08276367147224
201,Hera,47.45017482987333,58.76910789274494,50.31917041608622
202,Ivy,57.25679074522054,54.574834694675936,72.30880662309471
203,Jade,73.69464213134101,51.99394006779655,51.06688287935686
204,Kira,76.30008541106034,62.635394665785284,47.03755901577599
205,Luna Mae,79.62576536157195,61.81268600146252,78.40569668770323
206,Maeve Mae,59.40459194836374,66.93099272414632,34.61049046781984
207,Nyx,71.06824781240728,60.68241628899144,19.03778479137982
208,Ondine,76.67183115004346,63.05585906510243,100.0
209,Pandora,59.522950306486436,67.1544466812738,59.45635231930545
210,Quintessa,60.873868359719815,64.47249009271658,70.05771480782352
211,Raven,63.26031284811671,59.74665135053887,0.0
212,Stella Mae,50.2526723190984,67.46620470998567,0.0
213,Tara,61.0567659519911,61.049757172686725,78.19061911754267
214,Ursa,48.58168530972989,54.63396284396816,9.93529163521034
215,Vesper,67.19885401926336,45.90959505717855,0.0
216,Willow Mae,48.68821191322123,56.24488433305831,0.0
217,Xena Mae,67.3869276041407,54.27249365491012,19.70146529511383
218,Yvaine,62.06012254774461,64.20058551832176,84.31000082936953
219,Zephyr,81.03185373739775,53.35166816177184,33.41197235602148
220,Amethyst,76.5693455546522,54.80382431937888,73.02536624280881
221,Belle,70.66629339243417,59.48227891184589,66.95338159083224
222,Celestia,29.74445228791864,51.32229271544325,67.47862863190866
223,Dahlia Mae,80.12982762487,63.53532075416875,11.52322953465346
224,Elara Mae,57.24828243133229,64.00141783293907,69.60176582284927
225,Fern Mae,65.4773545581529,62.280216165268804,41.09097666912308
226,Gypsy,62.634206621657334,60.875308193156286,86.24318177382722
227,Holly Mae,82.40716895301995,60.079617837695054,38.376739168508
228,Iris Mae,60.56782330216517,50.95858253627465,64.18035659020902
229,Jasmine Mae,69.90345473613043,59.71398482567892,68.15093426404738
230,Kismet,57.75007819951606,63.513917621539626,99.06315715984539
231,Luna Belle,72.88582919610788,61.01727898551881,3.8812457744695905
232,Meadow,63.71454176768239,68.41041479607578,80.33564097704574
233,Nova Mae,72.15230844198696,55.04493371047961,0.0
234,Olive Mae,56.36666687129398,55.268181517661596,17.05893551177852
235,Petal Mae,47.57870626375939,58.564782615918986,50.59313505325972
236,Quartz,60.960098415372954,57.127096567962866,0.0
237,Raina,63.55036717549032,60.73527608156481,31.03886781510989
238,Star,41.198713270130966,59.41851978083582,43.74397359810099
239,Tulip Mae,54.44115373495748,59.769252930124175,88.50945447616668
240,Una Mae,64.65721804037295,55.42001825892054,0.0
241,Violet Mae,46.94203602450322,63.09998555566333,83.19078492969925
242,Willow Belle,67.71447419361706,63.53277660872087,18.83247961057288
243,Xanthe Belle,46.19603572021132,45.049780780169904,40.75104133755657
244,Yara Belle,62.88169806685496,59.157496289224,21.309581602815385
245,Zara Mae,58.34602207814034,60.60223823392949,0.0
246,Amelia,64.45269355460567,57.38416009623483,51.064332055366144
247,Blossom,62.95307639335492,56.01789435310457,81.38329008170857
248,Cinnamon,64.96194214755212,52.9458186695256,0.0
249,Daisy Belle,64.52750158842284,62.194103622482416,51.477786259373474
250,Ember,44.9987205587649,59.91512998225689,73.96190964377153
251,Fawn,62.51069699255312,62.367195186567585,58.58965464723371
252,Ginger Mae,69.2574817996674,51.60094357692,20.00415306278976
253,Harmony Mae,58.21515428531837,50.29237448197034,48.715729223308855
254,Ivy Mae,76.13590129848,63.63491092144568,64.35836122310374
255,Juniper Mae,66.95642367616023,63.025209394401315,0.0
256,Kaleidoscope,46.17543728091133,61.17943632005717,59.20861935349502
257,Lavender Belle,58.83346894190636,56.96826581788971,15.618533889861986
258,Meadow Mae,63.76399602239855,66.88140587436384,46.29540999299665
259,Nala,40.34372972628967,59.58457250828482,46.34167829929327
260,Olive Belle,60.00919372879787,52.10819559335782,15.485333211369912
261,Peaches,54.90669610287977,51.882125822439,6.556204035016549
262,Quinn Mae,80.49847832028036,59.47870964142422,19.78591231230141
263,Raindrop,68.86932480512013,61.45910265278782,52.83656055695951
264,Starlight,40.60403796327582,59.71934939311908,60.33637488396256
265,Twilight,50.96434722630634,48.85651459116036,44.50802778887333
266,Unity,63.81324110903776,63.085712988249334,0.0
267,Violet Belle,53.76368691734428,66.78920046764054,83.52461069033635
268,Winnie Belle,57.13956921340724,70.22341180844938,33.88653112230915
269,Xena Belle,55.92916437224196,51.932334509768516,100.0
270,Yara Belle,65.49251449706983,56.22418305193747,46.96844052241869
271,Zara Belle,54.03780285471464,52.00776329582487,52.48133991718692
272,Amber,62.713873206866346,55.346142676289,61.25863738923675
273,Bluebell,60.68888754040353,55.835602245656034,42.899831224959705
274,Cocoa,62.50825407098131,54.813679365298356,84.72801685475343
275,Daisy May,71.62808456366245,57.064836657630295,36.64221923821166
276,Echo,44.31121116451665,64.44312141606899,20.743299494994925
277,Fern Belle,53.75957394187567,59.40702171172655,21.493692509974903
278,Ginger Belle,73.65756655289925,75.01525715824903,76.94190767875007
279,Hazel Mae,63.82869262940285,69.02079060350049,69.46244013225625
280,Iris Belle,59.30715010423103,62.22281521661357,42.32588377270336
281,Jasmine Belle,59.60724356274677,51.80081277633951,99.43826208035486
282,Karma,66.1301642732926,60.783165360719025,32.60952815841711
283,Lily Belle,85.63687114713856,59.131686497186536,33.59568354204245
284,Maple,59.73239531670442,77.88958165322077,93.49596965419619
285,Nutmeg,66.18807348152833,52.47702034267893,38.82989067697795
286,Oreo,61.446379359545304,65.30480122342486,87.19711100544703
287,Pepper,57.60102190666619,67.41829587068875,28.306458343693116
288,Quinn Belle,51.16070706244367,57.48414614987015,3.147774877120497
289,Rainbow,63.49855653510779,68.11227709930468,63.07053977352753
290,Sunflower,70.33990871455718,69.50138539112206,25.575503882813127
291,Twinkle,74.69050597794592,62.880329535406226,100.0
292,Violet May,71.7337549849206,51.990072953234396,23.548194121686763
293,Whisper,60.75372091805146,61.68703782688312,80.85638045574863
294,Xena May,64.54883140442122,59.6121080495201,19.302116184787142
295,Yara May,50.422389329198005,64.27250896697029,82.50003901686537
296,Zara May,59.19752060350145,60.5282366123634,14.432529818277473
297,Angel,71.80777932663449,52.89806155088169,7.771587973016459
298,Bubbles,52.54473713835119,54.29739532608611,65.14729604646709
299,Coco Belle,70.68192320117953,56.71393031957213,0.0
300,Daisy Belle,61.12801548221684,57.186332084219075,100.0
301,Ember Belle,62.39111036277589,57.13647152596573,25.147697336230507
302,Flower,55.124764854010785,60.35368653315417,38.10144918003114
303,Grace,59.35355314186853,62.64812206554092,56.20330623245677
304,Hope,67.7910127862312,65.64058790327141,38.6102430672202
305,Ivy Belle,65.97014298997364,54.26508646332787,84.29091128174394
306,Juno Belle,56.507020465405105,61.88482485173311,100.0
307,Kalea,84.62605567418582,61.319482824248006,21.822855938501707
308,Lily May,60.61151953861011,50.14695539004065,100.0
309,Misty,56.746948238099456,69.76428947672477,25.037989182272845
310,Nova Belle,66.57165942434894,51.61807948326227,73.69677834658361
311,Orchid,55.740099585623504,69.49006739344259,24.16235889112957
312,Pebbles,64.80575255375476,64.81476923290387,66.4355955105053
313,Queen,42.14048040000607,63.08359478978714,50.20795771193847
314,Rose,68.90200250629536,61.830554362675684,40.47138124964739
315,Sky,83.04128551831441,66.46188797266298,26.390064946713814
316,Trixie,52.89080205430668,57.18885424479102,61.59851206549226
317,Utopia,59.44507533327456,60.41852688546902,62.73102323906643
318,Violet Belle,58.14067020733531,62.19842153148589,17.390075351307573
319,Winnie May,56.03746919234348,74.37521311153853,56.841696987854235
320,Xena Belle,45.591571244622266,69.49885116106611,68.33565059190789
321,Yara Belle,47.47515245723088,68.27773556555377,59.61092524687037
322,Zara Belle,64.01610547429968,65.43167460006885,6.598876689954899
323,Apple,50.77337501481932,60.74495258012064,18.92668971664962
324,Buttercup Belle,59.30328534731808,68.14782036438251,49.300251287929015
325,Cinnamon Belle,67.30932733934422,64.67921935568698,42.662839940714186
326,Daisy Belle,52.87408530452151,62.91753072524417,71.16582932709801
327,Ember Belle,52.86345337822903,72.05109388661201,71.9302137439784
328,Faith,65.49175316113634,47.15805176024178,66.22478681736968
329,Gloria,63.37743379599669,60.44620737836436,80.04798167201045
330,Heaven,62.55791369623242,55.429701253846076,65.36485530721502
331,Ivy Belle,58.84969322093685,62.03350937246044,87.07919241392312
332,Joy,54.51876785969187,54.288825377517455,11.614157629266245
333,Karma Belle,50.58715555958482,58.1736972304632,54.434099157928024
334,Lily Belle,43.70022616968501,62.583661225887155,22.843629417852917
335,Meadow Belle,58.48554640894336,71.66748705511952,19.47523582724499
336,Nala Belle,54.17452763516802,60.186078283766584,49.966403303121105
337,Ocean,60.32373452315738,60.18661356446863,32.075803377257884
338,Peaches Belle,60.81712257417185,59.05652022470235,45.95590135962522
339,Quinn Belle,54.49503543018997,61.46294223380509,58.3443966010704
340,Ruby Belle,54.416461860985315,56.55230833768446,54.72755380525175
341,Sapphire,64.36321818129996,61.563682982708535,100.0
342,Tigerlily,53.44680253085655,69.61038772677665,18.878101698181
343,Unity Belle,60.16018763328392,68.22049668289779,15.36187343500719
344,Violet Belle,54.0517873872021,48.39700075825205,24.486632464815237
345,Willow May,44.14652099877323,60.688297877959336,34.83927764157668
346,Xena Belle,74.67995228917233,67.58857756556803,91.85173592469657
347,Yara May,76.24037845029939,71.28269377706937,32.07053580691137
348,Zara May,64.79178624611005,59.48806991879637,55.771206651915946
349,April,58.90003149511177,62.244020947029625,32.71759918431782
350,Bella Belle,71.03393464910448,64.43798074429911,76.7772766172232
351,Candy,75.99841849511012,59.22722126464032,74.42555645829133
352,Daisy Mae,59.433396545117,64.86678004028764,52.75976059746103
353,Ember Mae,51.491094460341984,61.82985121229524,100.0
354,Felicity Belle,42.18571127138097,59.30199139471415,55.41818738776739
355,Giselle,66.8667518032074,64.09394232361632,0.0
356,Heidi,57.815417700793965,58.487615756656616,0.6766694672996536
357,Isabelle,64.93549947209324,55.932261328003634,67.62296658551571
358,Jasmine May,64.03920721186913,55.98713874290566,4.255439917767674
359,Kara,56.38006471850613,57.23581668517921,100.0
360,Lavender Belle,75.63125480928178,57.307185700570464,100.0
361,Mia,53.86202952700439,43.7179891604992,36.48849661155864
362,Nora Belle,55.157799482324116,63.5860197110039,40.498148130339096
363,Olivia,65.15126993399512,52.83691458750634,87.82839956076917
364,Paisley,59.933591618729416,61.851311953617135,33.806393195396375
365,Quinn Belle,59.99646438104599,58.222331306057136,3.791541369162779
366,Rosalie Belle,75.19835081546375,49.27702293316955,93.41409512175214
367,Samantha,55.96351739375797,62.89299068217694,25.95943300139085
368,Tilly Belle,50.56993800248883,58.951907855833575,40.158636494605034
369,Uma Belle,69.81407902021564,55.74451259874693,72.5910935693526
370,Violet Belle,63.93074322282964,52.26298901080409,25.342202352669247
371,Willa Belle,71.32470532722351,58.639551815541935,41.55773205838507
372,Xena May,45.88569896860326,46.70616423252536,73.37820915990186
373,Yara Belle,65.66592247358734,60.47067216938763,0.0
374,Zara Belle,58.78239432540127,62.77270314103705,78.53555805338056
375,Acorn,62.10262010648491,60.69318534222573,36.53211232538775
376,Bella May,40.671759461973046,53.53021964910577,47.799958689618705
377,Caramel,95.04172725564882,70.10065337452205,25.05239339858086
378,Daisy Belle,57.744819953578876,59.9230018782818,80.42382997193312
379,Ember Belle,44.06103794013251,64.42418881325518,24.639262701125016
380,Fern May,74.60999796351582,62.853597921050664,59.45129867788923
381,Grace Belle,74.20455037596344,62.25317365228192,46.46916687817712
382,Heather,50.74028162134389,69.07019505218125,62.12512525672577
383,Ivy May,64.4787361420474,55.43132685652931,74.00557285283818
384,Jasmine Belle,51.24770885818513,63.568437623642424,50.625622569234515
385,Katie,50.52339342950519,59.92337324770485,44.741786867929505
386,Lavender May,60.19137401130115,50.60725006778127,100.0
387,Mila,64.5143087378738,69.15732043599829,25.74279224472561
388,Nutmeg Belle,69.36740066673862,64.93750812791855,22.95690277417993
389,Olive May,42.32434272368923,66.80767893184552,29.567240893017406
390,Peaches May,58.65096570490135,53.35436839656229,29.520965294895742
391,Quinn Belle,67.52872294996978,61.8732952231097,59.549453918712565
392,Rosalie May,67.90368499858883,67.60436621298022,100.0
393,Scarlett,73.15311982360394,52.2152999906625,8.844825410406465
394,Tulip Belle,61.85932649496918,49.95375691402517,46.99644908153687
395,Ursula Belle,55.36973038045878,57.842588578018095,71.41447896866025
396,Violet Belle,61.25831809527731,58.42121520198362,35.171432034743646
397,Willow Belle,47.463753283022214,53.767814881340875,11.607689919523786
398,Xena Belle,63.611638387018644,61.710870224569376,51.80758664108431
399,Yara May,67.37299781072407,60.31765762368658,13.82461071959603
400,Zara Belle,40.77871383902712,59.051255741516684,53.10304243145749
401,Aria,58.69509519953241,58.66849655651628,29.97545317023558
402,Bella Belle,81.5596058943132,52.66525274535607,19.48989101302382
403,Cassie,57.0069599671157,58.452991386011874,48.735372461738535
404,Daisy Mae,64.04400377308195,64.92271264961838,80.82726400095856
405,Ember Mae,56.84313506846121,45.87659382713474,19.147446298770948
406,Fiona Belle,72.06047417759164,52.00394077154127,43.529214416016046
407,Gloria Belle,69.43333041308412,50.12227356720547,4.960921172618185
408,Heaven Belle,61.915542358479534,60.35415250793279,27.277996043903663
409,Isabella,57.46622215293568,63.00046061144525,61.68529227270035
410,Jasmine May,61.95705313684228,52.664619404265906,77.78206115219615
411,Kitty Belle,64.89011173565267,61.12892249823499,86.31479617908425
412,Lavender Belle,53.00127413249328,56.513839379067605,69.6838186607624
413,Misty Belle,62.67889965577047,55.992015060390074,43.444412548880564
414,Nala Belle,56.88130749879756,52.122082475550876,56.127973476320406
415,Olive Belle,67.61165952370695,62.01078430537761,0.0
416,Pansy,56.719407696063804,70.11971141354945,48.14920359261788
417,Quinn Belle,61.81188310509991,62.54781205246026,40.83631528008176
418,Rosalie Belle,60.82801478926184,70.90499715034393,59.39709289252882
419,Sienna,59.01681353410705,71.11311294117628,0.0
420,Tulip May,52.18886442844516,57.81452943889578,43.43426081930175
