1,Mooey,58.34104682619559,57.70613271879187,62.90021199141762
2,Daisy,59.51327419319468,100,13.52894977654524
3,Buttercup,61.61345621437392,30.542144426779906,84.99274923222447
4,Bessie,54.85343700240765,32.064683268313296,65.83556781226909
5,Clarabelle,45.62952572116952,42.81213203533771,55.48211686657087
6,Clover,45.79400747367838,65.87932327611568,51.86477637845585
7,Holly,58.11141194761171,58.107639268154415,25.805711651208018
8,Rosie,58.917058353334724,43.59183820397158,60.83725175609225
9,Luna,60.775629651112204,50.664650532957054,0.0
10,Molly,62.28550447406757,32.81776085932673,8.581105505706333
11,Ginger,63.4925298057595,59.827782750136514,10.766411349424544
12,Matilda,62.93652382981909,74.52699421496735,82.42398093268879
13,Penelope,65.59562801948465,71.60202124546538,100.0
14,Fiona,60.479813899588926,89.77489925742034,62.433280941281716
15,Hazel,60.641906889306505,44.167049137108535,83.0274258777744
16,Freckles,71.44691326221664,73.85573238243741,35.369430223693115
17,Petal,69.99500701266754,76.3655442942954,100.0
18,Dottie,58.88748123004876,48.45030045146605,62.74886744314247
19,Pumpkin,60.75929465587081,82.73524994176398,71.28135316156802
20,Ruby,58.9184596450404,71.37477099635103,69.68823671458182
21,Willow,52.12470290765724,42.999150066799,55.77480390178067
22,Clementine,66.98180931565587,71.0541297913612,54.39456457684616
23,Poppy,65.59532962972673,88.6116411154441,100.0
24,Jasmine,61.412469185403594,10.682636939192614,29.691852285351487
25,Lily,52.5729779145543,39.94959740348925,67.39631608750503
26,Bella,60.944210111253774,43.7382243489141,31.330844031317223
27,Lucy,53.988577704996615,43.24576966304298,22.37862459932193
28,Charlotte,61.557571995762224,74.32965956561574,38.726241568837295
29,Stella,59.293788406832334,41.30613844413279,77.16827856008821
30,Sadie,60.36531340185417,59.56691700909464,14.678608600970101
31,Lola,60.3562315780027,39.7140872108254,33.427134761395976
32,Annie,59.39598185378024,97.79710827800581,22.738191203080763
33,Elsie,60.69685627171227,83.13645112380047,88.36175572652343
34,Millie,55.7433982796063,68.26541032042115,46.2008766368871
35,Pearl,59.90397764298276,41.79871371719183,34.254133574949975
36,Rosabelle,59.686554643026426,54.47223741786463,4.744572594701708
37,Winnie,51.31217772478515,73.33944464494289,1.3813068620934246
38,Beatrice,59.08706285345039,60.942886617161214,65.50010887472308
39,Phoebe,66.01219795847,68.94267513785282,93.48674699317641
40,Violet,59.452740755079624,64.20139809456002,43.20772383101649
41,Maisie,66.30165299413318,84.61084108606774,74.70516656324033
42,Minnie,62.873444541181286,57.39167481586134,0.0
43,Olive,58.68458498781601,48.980336466864586,34.546375336127326
44,Georgia,62.84209637969182,57.56004627923953,100.0
45,Delilah,55.67581859527925,48.43888160346373,59.887233108014826
46,Honey,60.3066943368678,66.88718327057575,5.477288364812608
47,Marigold,62.165617180316865,44.473550129300826,67.40833981388917
48,Delia,66.86921316706753,57.872742168412564,13.824862151210986
49,Juniper,45.36417730235001,67.76119937143454,39.341617018442115
50,Martha,66.17775457882794,85.45016976763318,28.50151088703295
51,Greta,58.102715813147945,37.78920958882196,100.0
52,Tulip,59.932949110451624,77.42473862695266,2.009997239864056
53,Daphne,60.24877402266182,39.6006145597216,58.52341324317557
54,Fern,60.469929567021026,63.38616845184728,24.9690887382335
55,Opal,57.96878402986472,66.55474428618012,68.90968519657295
56,Betty,66.68089202234657,68.30594228772634,18.78572691868777
57,Daisy Mae,57.85993465717535,89.91042103107726,58.528285781907265
58,Coco,61.77541132117018,100,61.67644245765291
59,Eleanor,59.77728453896336,62.21473478262532,83.88839997417709
60,Nellie,61.226148719101346,38.335485241858194,24.917832326585515
61,Zelda,46.53593977187068,83.3051211210747,47.11504523133881
62,Rosie Mae,59.79650198000236,19.903077765765975,72.02024036451519
63,Gertie,66.79115775854643,31.244250586920735,0.0
64,Flora,64.48121644117106,88.0229495152613,100.0
65,Gemma,62.4897659740031,34.90180719713498,41.358168167645324
66,Ada,60.546602393582546,61.991786963663145,26.47595633654711
67,Harriet,59.74380001656339,29.722677806965883,23.86478980938031
68,Mabel,39.488554331795854,83.44963986993427,28.639046178983996
69,Cora,63.61152585190476,66.46251424526405,5.721675567880197
70,Ida,59.960448721616096,56.84239455131693,66.91992448956634
71,Esther,60.8081679850496,73.19801923893921,9.616408691364825
72,Nora,60.312358367884954,47.22761664377919,42.14626063965063
73,Hattie,52.55687478952408,77.54974976332971,23.95723373524257
74,Willa,58.96057223589841,70.8117150092775,52.45731274570316
75,Adelaide,75.4299632203765,37.830283693522794,34.52114947546283
76,Winifred,59.38571424303448,72.84757429495221,80.93631667739581
77,Louise,59.84028329827446,61.596810105660374,17.305774433071598
78,Agnes,57.956276186355325,47.75783627304495,55.47399935075492
79,Bonnie,42.209982978719864,32.23472105974527,62.969411620993355
80,Edith,56.739189275502156,46.79727877639248,27.950803222197695
81,Imogene,59.73167230575158,41.915960459263,16.87390728369757
82,Josephine,59.5362667920533,38.000382156293334,42.954418352005376
83,Lavender,59.25409642778839,61.66863231132196,70.3181508235252
84,Martha May,59.22562895769962,36.14842361489431,62.1395140440342
85,Ruth,60.753789937599805,47.252046732367866,41.67141222258546
86,Sylvia,59.36621932783543,52.33002386523174,43.49961150814799
87,Tilly,59.688795052488366,41.3426522420485,64.75540038248161
88,Tabitha,62.99646886583805,69.92658163449656,100.0
89,Henrietta,59.865019268606716,79.36281397786108,5.369201067481448
90,Lorraine,59.699242826562255,41.238287177539895,33.94115951652263
91,Maeve,45.42365702422419,86.13787907604491,31.03826692613989
92,Prudence,59.819677896029425,76.51215337710124,16.964836003282628
93,Sally Mae,59.95621938265693,65.74093962643006,59.02006784161211
94,Dolly,58.10146020462891,79.24061339944551,27.76148907866112
95,Gladys,59.80427664672538,75.65133849168626,51.15944957964427
96,Harper,59.421088192410316,85.86085445365231,59.00737407126234
97,Harmony,59.863433256613995,60.0797566871332,25.832220196136294
98,Iris,46.54424955159752,90.52615302459242,18.20419794023262
99,Juno,58.60984125120641,62.627658070031714,61.29993186726804
100,Kitty,60.14877473921061,49.75391377828759,97.79374802628925
101,Lacey,62.19667970367875,45.831199573594056,85.37359925655221
102,Magnolia,60.17706407695207,69.25011139717071,7.921143474914004
103,Nancy,60.528035383726404,80.34482699907993,65.84583171002089
104,Ophelia,58.909829647505916,79.23019052624787,48.99375351443238
105,Patsy,55.36820581907551,97.33425903352781,62.523800388958875
106,Queenie,61.21046540015365,84.60236378995108,85.81188736729314
107,Ramona,60.196443775694554,66.02139871317533,82.56157666971049
108,Sable,60.798651161569275,66.03445680864213,24.028749779808063
109,Thea,56.33504770833736,54.47117891989019,86.53163508648117
110,Una,60.9544868510425,68.6255800400287,91.95578198280276
111,Veronica,59.184881506580204,60.17562807100863,49.66613801050426
112,Wendy,59.241672619731915,44.4415878442283,73.77893511511023
113,Xanthe,63.82189410714334,52.9625680235429,31.53581355452371
114,Yvette,65.06851525792922,62.21884108841699,100.0
115,Zara,59.35831120475489,52.25395599088894,34.535249441990814
116,Abigail,46.654517347329424,37.2143780061447,75.59046550149935
117,Brigitte,55.42921807797508,73.44561118128543,43.94085861133597
118,Camilla,59.67211473631151,45.11287455003968,71.23725420933042
119,Dinah,48.10886434412592,54.527402450544386,57.0831509441794
120,Eloise,45.09153752255037,62.943324826060625,57.777984981208206
121,Frances,56.40502995920768,66.04778350640262,44.3811902292643
122,Genevieve,44.505643524137284,56.39680623729462,54.014256856812516
123,Hannah,58.66767732439609,80.89602379886031,31.42036942324798
124,Ingrid,60.092367879660245,43.34372189984694,100.0
125,Josephina,52.846985554453966,80.17541252360786,54.031203654485644
126,Katherine,64.25904876429296,47.22231753570844,21.868079816249026
127,Loretta,59.30096545270219,80.762153722777,19.880901206900113
128,Miriam,58.450151767483234,69.05736915410515,39.740317769883426
129,Natalie,58.808365053769435,75.21482065964432,86.25910683365714
130,Odette,74.39006914248282,56.47641441049367,0.0
131,Penelope Mae,66.11733256528917,75.89800752284046,28.933718004613617
132,Quinn,65.39525797072417,100,84.23940177250341
133,Ramona Mae,59.25639247545573,66.8939967057845,47.22545831209767
134,Seraphina,59.89026362695079,43.893568734344555,37.460697623584096
135,Theodora,51.63665571762561,39.46449147805737,76.45981606398061
136,Ursula,58.86998974083175,53.835388748622705,62.54099039497112
137,Vivienne,58.86557674004628,61.809117219242886,40.71937867572966
138,Waverly,59.027816289741274,86.01775561218234,34.56253840356732
139,Xiomara,60.520011480279074,43.288545232842964,100.0
140,Yolanda,59.53468803093619,71.7520254047114,44.09717925472032
141,Zelda Mae,74.78468543744209,67.93987029195762,87.25394864866774
142,Aurora,59.52867437700348,55.76947960436676,67.13559405579488
143,Bianca,49.99382020479362,65.3604466921896,35.8259926911321
144,Calista,60.75590317661305,39.197626997357546,21.93261941696714
145,Diana,65.79225746889546,23.757709000080737,33.34190354647399
146,Evangeline,57.66893171949935,56.00145738962881,71.0477725744291
147,Faye,69.01400225692092,42.88625883838949,0.0
148,Gwendolyn,53.054192414213524,62.740280018582446,62.763865043904985
149,Helena,54.27708103997173,61.90882828265514,76.33973358237382
150,Isadora,59.09543769999475,41.90988080966445,66.69281074927311
151,Juliana,59.077733358312955,64.16649535827368,45.21506791974581
152,Kiera,59.25340923769702,77.26201002611992,35.937992469871375
153,Lillian,53.593962071436344,53.742356702773485,50.01521986989301
154,Miranda,49.905667996588974,27.03805187224826,68.74326646130689
155,Nova,60.01839429200995,50.45657442875462,74.75974166519512
156,Octavia,58.82339878472726,51.63605993337997,59.49820912662032
157,Primrose,59.40557800544724,62.529466966161635,45.059270258595305
158,Quincy,60.56293966670509,53.98842181123522,46.49556087716784
159,Rosalie,60.222786323803724,79.90430322446956,20.898935320976243
160,Serena,49.38900934946146,70.1013055046677,93.73423125138618
161,Tallulah,60.23763336298304,30.300390397969426,94.24673690282782
162,Uma,58.933028166877065,56.9812165624275,60.039566322031334
163,Valentina,76.0163492813187,64.85982790409611,29.40240527106997
164,Winona,51.6906365690532,35.16944366947685,39.50909855234608
165,Xena,56.8032191609823,44.34924338870192,7.41370768225957
166,Yara,70.0423894358758,29.7628091974803,81.61806503634088
167,Zinnia,57.51181086678935,24.951241000830088,81.32026840070057
168,Athena,63.78795002968243,39.671680082792776,16.48477173283078
169,Brielle,83.11486060530014,69.29851491235058,3.385035494074316
170,Calliope,60.10654253948006,32.505036313202496,78.24874768844333
171,Dahlia,70.13476912555498,77.95113265297144,17.153754461222654
172,Elara,54.388788860691996,24.69280940124841,100.0
173,Felicity,59.26284591055361,67.40245678058007,40.98332148826616
174,Guinevere,59.93995115183158,52.13756868462419,69.81785447053346
175,Hermione,67.11658087940569,82.83992188060192,78.76899887271583
176,Isolde,60.39401741257846,66.91509937241625,14.754022763006404
177,Jocelyn,60.41160711975228,38.01603383353248,23.408351652743086
178,Kaia,59.26393883637948,75.0394354858547,46.41912251740441
179,Lavender Mae,68.91160633746777,79.76456409887102,88.81613331216437
180,Margo,57.689136448131904,15.785899747560983,24.31661590355249
181,Nia,59.54493310085863,72.85694970393091,32.014312373863035
182,Olympia,58.52247173994332,90.96076636852352,45.04129195627968
183,Persephone,60.124883741008524,72.75910517808222,22.215255503030715
184,Quenby,59.69506728663356,48.45481820055744,46.82625898569183
185,Rhiannon,55.56028614287406,64.92401060286832,67.23599450376925
186,Sabrina,59.38352990990655,56.38220248850062,56.16262735447586
187,Thalia,57.13327185072001,66.50692118414719,46.209972283928956
188,Ursula Mae,61.176837099077915,71.28140636397026,1.4169724317606054
189,Vera,62.9766023894873,58.15031381573799,51.05602499834644
190,Winter,62.097596459005956,58.86208414671039,14.924230035103953
191,Xanthe Mae,60.19110196673914,98.30511618904254,18.430176481509886
192,Yara Mae,59.76664103827896,55.223866100545806,41.17768050664687
193,Zora,59.342471183692815,100,17.72984118298581
194,Amara,55.10536346702082,56.387434208586676,73.80678807548284
195,Bellatrix,54.33179868635299,80.17051714202098,27.086028146669253
196,Cassiopeia,58.698468314785266,61.162682035060584,75.49006273806116
197,Daphne Mae,61.824408135925175,73.52323118443522,94.54234477676545
198,Eowyn,62.052655946050066,53.136111242381816,33.753344564485104
199,Fiona Mae,49.34159513093709,64.13107443845095,55.02620663829805
200,Galadriel,58.18864402473904,45.777553574761214,77.08276367147224
201,Hera,49.04090867969478,38.23332859770484,50.31917041608622
202,Ivy,58.05979582554053,49.17126028817266,72.30880662309471
203,Jade,66.73517710751806,41.764323739083224,51.06688287935686
204,Kira,60.9414387948092,72.28623149834596,47.03755901577599
205,Luna Mae,69.91868507216755,63.02180147706718,78.40569668770323
206,Maeve Mae,61.494279753718985,38.4621603161531,34.61049046781984
207,Nyx,67.31529057889169,81.25208623299,19.03778479137982
208,Ondine,74.9302298138221,59.881025937415714,100.0
209,Pandora,59.2774688112341,88.4340568765119,59.45635231930545
210,Quintessa,59.37625761191536,50.58903869544615,70.05771480782352
211,Raven,60.77927180754164,49.930056867213814,0.0
212,Stella Mae,59.41840706903538,74.08558518974023,0.0
213,Tara,59.696280440640564,38.671856486734555,78.19061911754267
214,Ursa,59.59720979053413,43.32050028245431,9.93529163521034
215,Vesper,62.51295267481169,33.69557607653504,0.0
216,Willow Mae,58.88463723239636,43.72847370278521,0.0
217,Xena Mae,61.95459154599691,51.14131330139055,19.70146529511383
218,Yvaine,59.346878914896365,32.87346093911452,84.31000082936953
219,Zephyr,73.9308162647107,44.57177470241488,33.41197235602148
220,Amethyst,65.22656143235642,57.276156688009735,73.02536624280881
221,Belle,58.54724447850789,57.1532067767722,66.95338159083224
222,Celestia,37.12189108829079,73.73090855249745,67.47862863190866
223,Dahlia Mae,73.06405316209792,75.6284807097516,11.52322953465346
224,Elara Mae,61.935396862065325,95.24677321890145,69.60176582284927
225,Fern Mae,60.53385231457694,51.72009924647596,41.09097666912308
226,Gypsy,62.729627474829414,88.84154974774242,86.24318177382722
227,Holly Mae,79.07348039732237,45.28360157872585,38.376739168508
228,Iris Mae,59.70666789802428,49.357229922667614,64.18035659020902
229,Jasmine Mae,58.73111413602703,68.91547803879904,68.15093426404738
230,Kismet,60.83389589615824,58.576697976170415,99.06315715984539
231,Luna Belle,66.58183860724402,86.3907816286382,3.8812457744695905
232,Meadow,60.4584580829842,66.8113294542791,80.33564097704574
233,Nova Mae,67.92330139339366,66.51610398412943,0.0
234,Olive Mae,60.67484553124075,66.69376383072391,17.05893551177852
235,Petal Mae,56.443696953929624,71.80096638501195,50.59313505325972
236,Quartz,59.6034111225219,88.20969775491629,0.0
237,Raina,60.36843621303555,56.12116260371096,31.03886781510989
238,Star,47.69012828058069,69.58046111869753,43.74397359810099
239,Tulip Mae,62.75415608387317,84.9080940455952,88.50945447616668
240,Una Mae,62.256074385713944,66.10804355371761,0.0
241,Violet Mae,60.76154923233353,74.56358905754418,83.19078492969925
242,Willow Belle,58.847838619390885,86.5805824111808,18.83247961057288
243,Xanthe Belle,60.39882094654638,39.363657580982625,40.75104133755657
244,Yara Belle,59.46425021331399,52.59670747799873,21.309581602815385
245,Zara Mae,59.27636777960769,75.18779828824218,0.0
246,Amelia,60.210141998048314,51.98216177631563,51.064332055366144
247,Blossom,60.244781073622164,54.44104111055847,81.38329008170857
248,Cinnamon,65.01305203989698,38.02009035933944,0.0
249,Daisy Belle,59.865850648106594,74.49530987481604,51.477786259373474
250,Ember,55.28131744515637,58.20135706605807,73.96190964377153
251,Fawn,60.23632379171103,84.19705790721657,58.58965464723371
252,Ginger Mae,64.01243279229375,57.55692018171976,20.00415306278976
253,Harmony Mae,59.82294159077318,73.69272543417341,48.715729223308855
254,Ivy Mae,64.5741304213576,69.68955318468682,64.35836122310374
255,Juniper Mae,64.47284172979919,44.07632762934653,0.0
256,Kaleidoscope,43.036157440517144,57.13867184499404,59.20861935349502
257,Lavender Belle,59.4383607999601,87.70076596532637,15.618533889861986
258,Meadow Mae,60.559911809365076,36.67634016673066,46.29540999299665
259,Nala,40.741369907508506,81.3760279696452,46.34167829929327
260,Olive Belle,60.90535862486812,45.288476951843506,15.485333211369912
261,Peaches,59.20370966144264,62.27024983555562,6.556204035016549
262,Quinn Mae,76.536043476855,54.08349706432767,19.78591231230141
263,Raindrop,60.47537134029686,54.86277948014471,52.83656055695951
264,Starlight,39.72346680582927,74.02540275127839,60.33637488396256
265,Twilight,59.69592921793705,40.95889361079626,44.50802778887333
266,Unity,59.77864984049314,43.900689564966484,0.0
267,Violet Belle,61.09209668098299,69.05516076925088,83.52461069033635
268,Winnie Belle,57.639988693985444,76.0557293930877,33.88653112230915
269,Xena Belle,61.390886269492164,58.27905400977381,100.0
270,Yara Belle,62.26039286981677,74.16804614259341,46.96844052241869
271,Zara Belle,56.27308268229572,47.891876890572945,52.48133991718692
272,Amber,60.68862156923761,66.68578420432424,61.25863738923675
273,Bluebell,60.014878440443226,47.55662566275079,42.899831224959705
274,Cocoa,59.09199731597402,65.87662983236488,84.72801685475343
275,Daisy May,60.06333448283493,69.32635906134418,36.64221923821166
276,Echo,49.035404592538995,78.37402909975246,20.743299494994925
277,Fern Belle,59.911162225598126,100,21.493692509974903
278,Ginger Belle,70.2433149829636,88.42459387486741,76.94190767875007
279,Hazel Mae,60.796243824528275,59.240913706763465,69.46244013225625
280,Iris Belle,60.60000649902721,38.278296144253304,42.32588377270336
281,Jasmine Belle,60.95361645977455,25.053091727666462,99.43826208035486
282,Karma,63.391965913799744,64.70481045617667,32.60952815841711
283,Lily Belle,81.1176672835141,42.52947402525511,33.59568354204245
284,Maple,66.15156664014074,98.52424073061252,93.49596965419619
285,Nutmeg,59.923887988799784,48.82736097994803,38.82989067697795
286,Oreo,61.712009995402376,66.11455362128346,87.19711100544703
287,Pepper,60.47118365953648,61.23650533941351,28.306458343693116
288,Quinn Belle,60.34572522107226,36.51529898491935,3.147774877120497
289,Rainbow,58.2287562692415,81.24752268748844,63.07053977352753
290,Sunflower,61.162281068440414,98.45926048304992,25.575503882813127
291,Twinkle,71.12770232724927,78.19704187533753,100.0
292,Violet May,67.90136860960725,28.105700391470766,23.548194121686763
293,Whisper,58.88067347587616,34.6920778699945,80.85638045574863
294,Xena May,59.604099125671375,78.99830427919571,19.302116184787142
295,Yara May,56.93068513758561,40.167488092573514,82.50003901686537
296,Zara May,60.51820078728394,48.75945197384722,14.432529818277473
297,Angel,66.95562496050307,25.625341307929226,7.771587973016459
298,Bubbles,56.523957077538206,35.05058256160106,65.14729604646709
299,Coco Belle,67.08869845674708,61.7994079892937,0.0
300,Daisy Belle,61.51739824716429,56.969655883345105,100.0
301,Ember Belle,60.468023572647475,47.76057729859314,25.147697336230507
302,Flower,59.26996428209952,61.48248353846032,38.10144918003114
303,Grace,59.30463288980037,45.2664498873702,56.20330623245677
304,Hope,60.51230932201873,70.1328813314855,38.6102430672202
305,Ivy Belle,60.12264638443038,36.02258072707426,84.29091128174394
306,Juno Belle,61.36403818196114,53.72790359522528,100.0
307,Kalea,80.04890523663417,35.43919779409123,21.822855938501707
308,Lily May,62.05404376943665,73.51433318534794,100.0
309,Misty,60.49736854922799,50.45111967293382,25.037989182272845
310,Nova Belle,60.667002669916755,67.31361749821215,73.69677834658361
311,Orchid,58.83375604464451,86.23627165130475,24.16235889112957
312,Pebbles,60.036172335911814,60.91556291171068,66.4355955105053
313,Queen,49.44369676475434,97.35261638780254,50.20795771193847
314,Rose,59.913652119433955,66.18785700450651,40.47138124964739
315,Sky,72.12065979697023,88.43956095018576,26.390064946713814
316,Trixie,56.611665548162094,64.08359707412696,61.59851206549226
317,Utopia,58.57018895919577,45.638859023441434,62.73102323906643
318,Violet Belle,60.853556250391065,70.76864215024867,17.390075351307573
319,Winnie May,58.82886479638217,72.79896772949363,56.841696987854235
320,Xena Belle,55.8728902838796,87.94829786609357,68.33565059190789
321,Yara Belle,46.49432227082925,61.935041411397066,59.61092524687037
322,Zara Belle,60.653628057925545,61.99224699523822,6.598876689954899
323,Apple,59.17561769122584,64.18675867653246,18.92668971664962
324,Buttercup Belle,60.75262312107362,32.95682302191379,49.300251287929015
325,Cinnamon Belle,59.66354864237219,81.6579960082294,42.662839940714186
326,Daisy Belle,59.71410024024577,67.98666557321022,71.16582932709801
327,Ember Belle,59.29958002648434,56.618968114526545,71.9302137439784
328,Faith,60.50046204676529,27.04058753660562,66.22478681736968
329,Gloria,59.17451698052302,39.71241308320429,80.04798167201045
330,Heaven,60.620805230467624,54.16671620141061,65.36485530721502
331,Ivy Belle,62.108444521728,61.25058436089762,87.07919241392312
332,Joy,58.75880653933377,35.3617486836892,11.614157629266245
333,Karma Belle,55.550903212295886,47.61171768737254,54.434099157928024
334,Lily Belle,55.934215303764944,41.411874469463,22.843629417852917
335,Meadow Belle,60.42146575597867,66.36707558255662,19.47523582724499
336,Nala Belle,57.78130434159715,57.03006595010694,49.966403303121105
337,Ocean,59.503996990356995,54.22234399332516,32.075803377257884
338,Peaches Belle,58.6254382251184,41.504652160103,45.95590135962522
339,Quinn Belle,60.7765194790352,78.36766610864744,58.3443966010704
340,Ruby Belle,60.14331821948461,12.796141051772814,54.72755380525175
341,Sapphire,65.97320960649706,33.83085494185337,100.0
342,Tigerlily,60.02533876187152,55.25197718763853,18.878101698181
343,Unity Belle,61.056621633949746,50.05433975380704,15.36187343500719
344,Violet Belle,59.76957927585227,20.832346896845177,24.486632464815237
345,Willow May,50.02578378689361,64.0687309885604,34.83927764157668
346,Xena Belle,62.88360177692781,67.530154925474,91.85173592469657
347,Yara May,63.067746765247286,99.1143757458453,32.07053580691137
348,Zara May,61.52394134592025,98.3101841987102,55.771206651915946
349,April,60.27156722933251,68.15932602868065,32.71759918431782
350,Bella Belle,68.77540671801326,86.09126736591483,76.7772766172232
351,Candy,67.48968261434173,69.2502103880288,74.42555645829133
352,Daisy Mae,58.18605904818157,77.03247993415543,52.75976059746103
353,Ember Mae,60.346663107911574,66.26453283489006,100.0
354,Felicity Belle,44.652199252944975,57.21150836699757,55.41818738776739
355,Giselle,65.1862091461321,49.133955422804064,0.0
356,Heidi,60.414515640576795,39.00439609394322,0.6766694672996536
357,Isabelle,58.94987890219586,71.20181480542263,67.62296658551571
358,Jasmine May,59.603545583926234,93.74938005305555,4.255439917767674
359,Kara,59.18479646882349,45.31708989630749,100.0
360,Lavender Belle,80.32571649866973,59.962905025484424,100.0
361,Mia,58.26670942898304,63.71593701764247,36.48849661155864
362,Nora Belle,59.8171031370342,75.44516331557683,40.498148130339096
363,Olivia,59.39077542872329,48.63072520095751,87.82839956076917
364,Paisley,58.95127777590208,58.31900273129137,33.806393195396375
365,Quinn Belle,60.909741472716306,69.03831984262676,3.791541369162779
366,Rosalie Belle,67.27529639722067,25.737098105959245,93.41409512175214
367,Samantha,60.987116712317565,66.56954764362924,25.95943300139085
368,Tilly Belle,54.403581019361496,54.96117868690205,40.158636494605034
369,Uma Belle,60.699551006570516,65.87675788259506,72.5910935693526
370,Violet Belle,60.25740408605832,44.3637456783365,25.342202352669247
371,Willa Belle,62.0826397497359,66.50177658954654,41.55773205838507
372,Xena May,48.577272457541774,52.021361605109604,73.37820915990186
373,Yara Belle,66.52506482584772,55.4732994259891,0.0
374,Zara Belle,59.37198958470704,77.16320304113385,78.53555805338056
375,Acorn,59.24134633616999,52.63990622921452,36.53211232538775
376,Bella May,45.047381939935434,47.70992492850368,47.799958689618705
377,Caramel,86.25193794427291,71.98102398632015,25.05239339858086
378,Daisy Belle,61.34064739811893,73.45332885028637,80.42382997193312
379,Ember Belle,48.674718418099694,67.1273247671242,24.639262701125016
380,Fern May,60.65156429833323,53.76574167557513,59.45129867788923
381,Grace Belle,62.787373514042436,52.91763319955438,46.46916687817712
382,Heather,58.125521932098,78.26707260481403,62.12512525672577
383,Ivy May,61.709952452635186,85.28613468123204,74.00557285283818
384,Jasmine Belle,59.01617705269754,46.38823233438104,50.625622569234515
385,Katie,57.72324200304004,58.905241147595206,44.741786867929505
386,Lavender May,61.15646999892517,50.01711886709097,100.0
387,Mila,58.38485050525089,92.34103223631467,25.74279224472561
388,Nutmeg Belle,60.107328515129815,79.13934550994797,22.95690277417993
389,Olive May,47.479767390672656,60.90480159158817,29.567240893017406
390,Peaches May,60.34879250277778,59.79342021316165,29.520965294895742
391,Quinn Belle,58.99988357963129,24.802629125292857,59.549453918712565
392,Rosalie May,62.28513820184461,52.56933006540787,100.0
393,Scarlett,74.17326755752741,45.58047739663149,8.844825410406465
394,Tulip Belle,60.55357565988838,28.087204785369025,46.99644908153687
395,Ursula Belle,58.26896085537279,54.77459862281461,71.41447896866025
396,Violet Belle,60.553802687418795,36.7515177305126,35.171432034743646
397,Willow Belle,55.71907588873008,49.73740511036014,11.607689919523786
398,Xena Belle,60.97527193034098,71.30469795280918,51.80758664108431
399,Yara May,62.4305977134013,67.11107740218843,13.82461071959603
400,Zara Belle,54.26408450451682,41.13065854056899,53.10304243145749
401,Aria,59.357383967196995,62.08167742690303,29.97545317023558
402,Bella Belle,75.15130797862103,45.056805461111736,19.48989101302382
403,Cassie,59.8494315895302,26.642175937660966,48.735372461738535
404,Daisy Mae,62.197494011209834,96.5287529949855,80.82726400095856
405,Ember Mae,60.13287791692325,32.163577893970434,19.147446298770948
406,Fiona Belle,64.59577538361458,82.12990177629655,43.529214416016046
407,Gloria Belle,66.59879450140107,43.655577562284854,4.960921172618185
408,Heaven Belle,59.804205116967985,48.190857897036736,27.277996043903663
409,Isabella,57.75356830905738,65.29814349099694,61.68529227270035
410,Jasmine May,59.80790641632558,62.37070217160532,77.78206115219615
411,Kitty Belle,59.6015001709627,25.13723305526049,86.31479617908425
412,Lavender Belle,59.681691267798094,36.839859278083075,69.6838186607624
413,Misty Belle,57.86360272953975,77.05453500152234,43.444412548880564
414,Nala Belle,59.646035350855485,19.220003325793662,56.127973476320406
415,Olive Belle,62.87089094448352,60.4301261733501,0.0
416,Pansy,60.007285666073024,98.56312587099248,48.14920359261788
417,Quinn Belle,60.04920687164005,47.93237801976057,40.83631528008176
418,Rosalie Belle,60.26313988753209,98.99266790890695,59.39709289252882
419,Sienna,59.804528041563444,40.47600958439629,0.0
420,Tulip May,57.55923071468712,65.51643172286074,43.43426081930175
