<<<<<<< HEAD
1,Mooey,50.206324662284146,60.168607590564186,41.846042577587525
2,Daisy,53.787560324135484,51.15981347289671,79.22307238324024
3,Buttercup,66.60923761467893,67.8313964356777,53.53990031842147
4,Bessie,30.031905600482844,59.74939736009728,42.587558096709344
5,Clarabelle,60.09899395717296,61.83534994055523,33.324172746825134
6,Clover,62.45881390987287,60.40592513131343,67.76853235216095
7,Holly,58.40472612019074,65.67946896471791,28.580862275439966
8,Rosie,58.13145945879528,71.72546293840355,26.71725370541224
9,Luna,56.185841452106466,68.08745603427711,92.64537180624318
10,Molly,48.01823350378512,52.84456640429141,59.73231928110903
11,Ginger,64.70072773893554,57.648028498068655,30.99666705969839
12,Matilda,62.9884239666381,59.736871988539626,79.79612336817478
13,Penelope,62.562908862268316,55.50910039406449,7.871142383249676
14,Fiona,55.45759306212133,69.38456485499732,50.73928005370388
15,Hazel,65.1751345905909,50.43001590126599,50.505779069534285
16,Freckles,79.03267811904665,54.81652687670199,74.91803259281032
17,Petal,57.255449753517226,59.43658227734531,31.14179178421499
18,Dottie,43.49149291194051,51.70279856379305,0.0
19,Pumpkin,56.65103822625353,60.28407815901948,49.4282550460328
20,Ruby,75.76001559088365,49.097947522654316,28.063262076600807
21,Willow,45.70370662456511,66.50401403323363,29.73329412479537
22,Clementine,55.94617303821902,53.343660549394585,49.6548536991295
23,Poppy,60.11687511527601,62.73409665737768,28.796676117846534
24,Jasmine,61.32331698554322,69.35588208244567,82.30030492509017
25,Lily,47.1691535830758,55.72072273712065,0.0
26,Bella,43.99820791295407,52.8223106007279,46.29141206182329
27,Lucy,44.881733309756044,53.50927382302113,42.25293020626941
28,Charlotte,63.75927885902722,58.98217155671244,47.57336564088381
29,Stella,65.75102817397239,56.69349367990545,38.66653116441904
30,Sadie,57.86896409420248,59.80252035528646,28.937957583369347
31,Lola,82.0604455716534,62.158132415257356,100.0
32,Annie,69.75736272689937,68.1091007619959,35.245773731848985
33,Elsie,53.944158635331426,49.56035269954289,19.082892648795713
34,Millie,67.63457039019112,56.05876216260806,36.731730924318555
35,Pearl,54.58870752667182,63.07780431938285,33.10032490279758
36,Rosabelle,58.73551183648054,64.05941996645878,12.170553569046902
37,Winnie,61.525462755667974,73.30650048075965,59.024622548967855
38,Beatrice,38.63106235169185,62.89671596409928,73.94628230510128
39,Phoebe,65.8201871841615,60.353679221637904,10.808202778371566
40,Violet,43.465655119421356,77.84488915145076,34.60234245108424
41,Maisie,59.057799161329484,63.179498538935576,85.59907665702632
42,Minnie,61.82038911376965,56.304752500807425,21.337379852027027
43,Olive,67.31200998377068,61.42227672488405,51.29203647092502
44,Georgia,61.63355331369284,49.87844913581817,2.137006050717744
45,Delilah,60.23971220771218,55.28910669497195,39.91697864200952
46,Honey,59.13395922317337,66.50363227786895,85.32269988441607
47,Marigold,62.43410775968684,63.12459315074525,74.08637162276041
48,Delia,63.16765991098255,55.470658329672325,24.25364858890298
49,Juniper,61.20867255342167,56.256492867572796,83.29038404965482
50,Martha,69.83252642328513,58.48658521703912,89.79753717412599
51,Greta,65.28096540303828,54.278370622888346,78.29154689228527
52,Tulip,65.81048671279338,64.09714770494907,43.2305054040854
53,Daphne,68.304903947702,52.083310530036385,0.0
54,Fern,42.0721714499894,62.90472675894785,0.0
55,Opal,71.53411134660425,49.224479305799576,13.527123795422725
56,Betty,65.90593753465527,58.01186274423376,42.63394328583715
57,Daisy Mae,53.19007139770616,69.37376046403243,49.80646442887388
58,Coco,48.22167881534263,56.96984062316637,100.0
59,Eleanor,62.66905527449363,56.41761182913018,14.649632222662923
60,Nellie,61.05262278363631,62.14617081260192,64.81835963624435
61,Zelda,60.864393218127525,58.70372623941544,83.90087752202606
62,Rosie Mae,78.23941477189902,55.037469093236076,14.567465413295551
63,Gertie,56.11592677283621,55.164272005584955,17.5149921282865
64,Flora,65.05440693486918,55.57539499844993,100.0
65,Gemma,47.96858383056883,60.60563160339955,92.12673195424483
66,Ada,72.25421202941473,63.56751245612384,69.14207037276165
67,Harriet,59.40963250495014,66.61997906052815,52.28104700797227
68,Mabel,47.639643744651664,60.600315977123245,24.11128164256576
69,Cora,66.22965947004627,70.27567253971571,100.0
70,Ida,60.105989121665324,49.15905697159714,30.80467674742314
71,Esther,58.682546895044375,62.737577798758736,38.14114694834156
72,Nora,65.26872075172432,60.70308961899053,8.414294020534896
73,Hattie,67.79260307267387,53.34988611752135,0.0
74,Willa,73.76999639152436,59.60604013254879,44.035117093856734
75,Adelaide,69.22330762502655,67.1549795480476,29.786601952805526
76,Winifred,56.4716997773177,61.16396237279444,3.046768743947986
77,Louise,63.36556544379715,52.60817443042514,34.923109300723695
78,Agnes,57.614166909178,48.6274169364474,69.276461953372
79,Bonnie,43.382539941946725,63.2276853135437,6.959724089034957
80,Edith,56.80615252373555,59.66771039112086,52.82800504094412
81,Imogene,68.10030410536618,59.00130845164321,35.629274704507594
82,Josephine,77.38247305800881,56.971333774812706,51.23288738351898
83,Lavender,59.2374811480868,53.92562864194835,32.490664593451555
84,Martha May,47.40804377656575,57.35284562443852,53.45983838960922
85,Ruth,49.84773383220765,65.39329456945113,61.754507788197444
86,Sylvia,58.10668582309847,64.58118342086304,40.28420188754407
87,Tilly,66.78440810089795,68.98605458886327,99.97295868507236
88,Tabitha,75.08969442631043,52.754235163252886,100.0
89,Henrietta,61.06369781674561,58.41283221071204,29.86177881865015
90,Lorraine,44.314199516883576,55.99424585785061,50.40953345126251
91,Maeve,60.65589650005549,54.093918920707594,37.070801042239204
92,Prudence,55.77047758084858,66.19114191082674,7.843634098726049
93,Sally Mae,55.351281348225214,56.16457232245281,50.15374914641031
94,Dolly,57.915164390313514,59.03011056891069,63.02224610821612
95,Gladys,73.10050968752148,63.53651828582153,54.320715215280686
96,Harper,50.89911901346715,55.84320309010718,47.03035173529535
97,Harmony,52.73193266101354,73.69383701705905,84.11019538290279
98,Iris,48.18656997613168,63.207039794710205,76.31203184877816
99,Juno,48.96815590004866,52.3694878156869,48.31434804541556
100,Kitty,69.46639475513243,57.69991342474489,0.0
101,Lacey,65.54379623632587,58.128753299010995,71.18932555275819
102,Magnolia,61.15490755008172,62.14333641924937,62.90808941685223
103,Nancy,66.8095318097552,59.5737650327862,64.66678430906234
104,Ophelia,54.97597374097095,58.557371097788575,1.2215702635572399
105,Patsy,45.981004623179075,50.899001268686234,80.88771865247882
106,Queenie,64.40727182232908,67.83778896940014,49.66039326188627
107,Ramona,54.59510893897807,56.53114078490898,43.70632064966928
108,Sable,64.54832568198638,52.531887254139804,80.92646080693066
109,Thea,59.85794563630631,59.45068723529634,66.94882688538758
110,Una,46.71499168703139,55.924664919107926,86.52533952921922
111,Veronica,55.553178411210766,63.541674809503135,33.49663605385122
112,Wendy,69.72491733256305,68.71132764729279,0.0
113,Xanthe,66.78018484194416,59.34813734157954,56.996917512986165
114,Yvette,67.15952596229363,58.00416329470907,43.76122792339448
115,Zara,58.152768283702436,66.01406356732183,79.8701041624228
116,Abigail,60.81492079647842,63.331089154121045,26.01919331824621
117,Brigitte,62.87484180628048,57.11551693354154,98.59610223673121
118,Camilla,59.19591849417534,68.10721768833531,53.49824617841986
119,Dinah,64.15709027318891,64.07081814295007,59.76068300887312
120,Eloise,52.23001753704915,58.547101469213956,50.74020148781897
121,Frances,76.15529341220717,60.96554017519455,9.577902169555713
122,Genevieve,66.68146189384396,64.891562537523,38.353509488791964
123,Hannah,63.88006714519079,49.18095135138097,50.34363874556457
124,Ingrid,70.59585541244954,62.65287427171939,54.09220762495656
125,Josephina,65.46045335714152,58.80841006074495,0.0
126,Katherine,60.37410892321829,69.6800441750507,88.8868848827535
127,Loretta,47.63969334636032,62.74180032631717,42.88573081682112
128,Miriam,60.330359903995,54.02980616608419,40.533737204329626
129,Natalie,54.746480101492715,57.84691629491531,0.0
130,Odette,39.47804665508866,55.743367534620205,40.50560800403708
131,Penelope Mae,81.09662825531913,72.62516395462526,99.83635164645312
132,Quinn,48.145079141969845,63.176926340271656,27.353244795591653
133,Ramona Mae,48.4166525720181,67.13369873408597,42.91693118829571
134,Seraphina,60.52286875570261,73.03140841444369,72.37570492981041
135,Theodora,50.120162078046995,64.08814157191422,54.9948730654595
136,Ursula,44.54680269497578,61.26161238604182,86.97865355997556
137,Vivienne,77.48567773979846,60.48065749076087,9.00972270960019
138,Waverly,54.15006205593923,61.123190237935056,43.949309588881505
139,Xiomara,54.75683547748626,63.12277909005013,100.0
140,Yolanda,60.403927890181215,61.12237539163751,91.44507591330456
141,Zelda Mae,56.942432024740995,60.37089844227955,47.69562287812907
142,Aurora,45.14902244121218,59.58855324934511,39.92301778768756
143,Bianca,36.47791864514552,56.003051752312786,85.89045280267631
144,Calista,59.16502941553108,61.27255459631557,82.94733579836111
145,Diana,66.52736977494897,63.84740178920346,17.13233492161435
146,Evangeline,44.682388225293025,59.09112254099774,100.0
147,Faye,56.901747070233526,55.5032823198606,0.0
148,Gwendolyn,51.01696297622686,68.40622803466479,100.0
149,Helena,58.793255904228566,54.88258394396949,100.0
150,Isadora,66.64147922446362,63.25063960401813,65.9207280580572
151,Juliana,64.31639013023818,52.67201232419448,11.51486322785771
152,Kiera,58.32153735032098,51.196078654179516,55.312854748305874
153,Lillian,62.12163967967253,54.56982824787113,85.36885724454092
154,Miranda,47.160186136867196,63.33600983656305,27.40599309965209
155,Nova,51.08578654390995,52.554723746099704,0.0
156,Octavia,57.66156172739699,60.81014813922429,25.590242850837882
157,Primrose,81.93126171414232,66.96085943889636,62.172094232765204
158,Quincy,67.06832388075676,54.016823933629,72.09535781671072
159,Rosalie,65.8689681201375,65.81255044536496,2.5780880029360276
160,Serena,60.966897565940464,56.875412973213734,31.330951580733302
161,Tallulah,57.97116660618248,61.69705914103937,100.0
162,Uma,73.70577111403959,65.1771713484942,47.19603245971855
163,Valentina,71.77610969739249,58.05405036726474,15.235073384963556
164,Winona,57.51819216727065,60.26756505558373,50.35645551332101
165,Xena,65.59659076651651,57.00716538550607,32.73594897087346
166,Yara,54.41210787786012,54.80371704961688,9.485087169265881
167,Zinnia,65.08290228509566,60.38442647173179,81.20855561044831
168,Athena,65.92190502529584,59.271445400693096,81.66516132937195
169,Brielle,54.432604131648716,60.30848211725479,70.72421500868506
170,Calliope,62.10571734890327,52.2586831342854,59.37075498467838
171,Dahlia,57.10218183123332,61.78229761321046,55.47777560610266
172,Elara,49.98714124931398,58.209136319602194,37.986716320143486
173,Felicity,68.31043546628912,53.46383203358594,0.0
174,Guinevere,50.9945984302084,58.83319653970272,57.74276417910498
175,Hermione,72.4037173833849,61.67136520418893,63.66314915606854
176,Isolde,70.66889465348412,49.29216532728242,20.820421946805432
177,Jocelyn,65.02523692638272,53.629125753580865,71.47863360413632
178,Kaia,63.59946233612643,50.520716720717004,72.90865772986737
179,Lavender Mae,81.65470912655215,71.95562290894539,53.5268258495222
180,Margo,74.49121358825923,70.23930831966581,61.94017444809456
181,Nia,67.55259826949836,64.61695138101926,44.032959776200954
182,Olympia,72.01012738202215,61.13191669528525,91.84161180540914
183,Persephone,57.032213849911074,49.931040737384905,43.986111301471354
184,Quenby,62.766444953823125,61.22515224218616,22.055350885944105
185,Rhiannon,54.721938277090935,57.48768437530127,58.443249536006746
186,Sabrina,53.02823671504011,59.87894404082785,17.854450305303907
187,Thalia,59.78339780341728,51.361599590266536,37.941681226246644
188,Ursula Mae,52.3712063633826,61.104735508561596,35.261122587002404
189,Vera,63.66866965507228,58.98686109186113,16.80814821629513
190,Winter,64.95628897814291,71.8662133677151,2.895688492335239
191,Xanthe Mae,52.490526618488616,58.242106353238,75.54803889791292
192,Yara Mae,50.2107823767734,48.99763249741517,26.64430561993662
193,Zora,45.65782213925827,66.30988408564218,77.16919434479591
194,Amara,55.738922512726916,68.26241486073638,76.7933978151415
195,Bellatrix,72.9592583656045,57.044466545324795,0.0
196,Cassiopeia,80.9323776255186,69.3176823352175,0.0
197,Daphne Mae,66.76297220440712,66.36801588134753,14.401021869575445
198,Eowyn,54.17805842597124,57.49458192210992,49.67159638938395
199,Fiona Mae,67.70810183413913,53.16462214846032,0.0
200,Galadriel,60.529631952871206,55.236640839704684,44.80406203725067
201,Hera,57.43966404983037,66.0840445708734,52.586562823011676
202,Ivy,49.64296929798199,56.58846540854902,35.587454148954755
203,Jade,55.69738933128198,70.77221807283048,48.690003550491184
204,Kira,71.40472667383355,57.69419249903223,100.0
205,Luna Mae,27.8999582379305,61.81900684410549,75.33004097275122
206,Maeve Mae,56.43317964940685,53.0120955361649,52.82632216100225
207,Nyx,69.25785982690026,55.22279768349947,36.48608873804264
208,Ondine,59.82293294596873,62.35235565446143,70.97504158377366
209,Pandora,66.02232489478723,62.816343148197795,49.483301142026036
210,Quintessa,63.92639261593793,63.15320463227192,13.966236182590059
211,Raven,56.752908225392794,56.122044313231804,86.26647762103497
212,Stella Mae,64.89774711879986,61.40233484557243,100.0
213,Tara,47.82950691942639,50.23269210006316,98.20089769883008
214,Ursa,51.14992351042993,60.80356658080029,18.49175782896935
215,Vesper,64.58820515022919,55.22239637777098,75.62394088000471
216,Willow Mae,64.65418469634658,59.34102623159424,52.089955268130986
217,Xena Mae,53.63184508530406,70.50614479692352,19.47707579143532
218,Yvaine,63.52008005015965,54.993423349497505,70.01337686876094
219,Zephyr,67.58042488945773,59.98490729809702,8.838204854480928
220,Amethyst,52.50503533862065,63.74460492537407,35.03408726217178
221,Belle,69.4129625607727,63.81854120045696,0.0
222,Celestia,67.8924724793895,69.71504543404889,75.8434004344836
223,Dahlia Mae,57.075526745136024,70.9688926584581,82.93643561670137
224,Elara Mae,60.60193933858123,49.4438946397739,94.39318676941316
225,Fern Mae,49.65432393749711,58.413996549758636,46.35049352854653
226,Gypsy,65.77431965889102,62.68237360032327,46.18926839952599
227,Holly Mae,66.23124719263019,53.91340468923573,78.05327421136164
228,Iris Mae,75.81510150225239,59.370219280881514,21.39255189699561
229,Jasmine Mae,53.25237810440868,57.38400816861138,71.57257924174365
230,Kismet,55.172435546032,48.33653268456583,16.356953807380386
231,Luna Belle,67.01056304822943,57.98487507634708,33.04202165949039
232,Meadow,72.77520671269129,57.642290121196254,68.9845911930967
233,Nova Mae,64.7355961345566,78.02667340594616,13.354146013218475
234,Olive Mae,56.45499750015892,66.22134374752989,92.85875650238424
235,Petal Mae,53.013830987627784,58.95187198030875,41.51566258819912
236,Quartz,54.21395366334927,65.66273680978288,76.7941865655125
237,Raina,65.15512105175809,67.9449453900898,55.21027667202906
238,Star,53.211563965481716,65.74656214852669,45.02452233074597
239,Tulip Mae,45.890984290255574,52.77027193914567,9.197556305085016
240,Una Mae,58.164084192265406,63.41988855483583,0.0
241,Violet Mae,62.62998475563173,62.37237615664839,36.64947878829897
242,Willow Belle,62.63946760529782,74.90534128209629,19.459237065450182
243,Xanthe Belle,67.7610153100959,65.71267574809819,48.528447089271864
244,Yara Belle,65.71509429460906,66.48759950558049,70.84808886199875
245,Zara Mae,71.01848971423725,70.06207105475256,0.0
246,Amelia,57.46602036780683,59.71001768722989,8.839310360652384
247,Blossom,50.090268081855726,64.78174581077656,68.72082252113354
248,Cinnamon,57.68815027484831,58.91244849136296,50.43018238787319
249,Daisy Belle,51.83687211849522,65.33713747375303,55.58313488379323
250,Ember,60.10094773668687,55.58703001030509,100.0
251,Fawn,56.988001561041465,58.9903261563167,39.37171570955046
252,Ginger Mae,87.41117439892194,69.56787430670973,30.659469247629467
253,Harmony Mae,49.14653392314374,65.12581487023175,62.122050196755524
254,Ivy Mae,61.116618204166656,54.64890362558006,44.3018179048305
255,Juniper Mae,71.0269822333401,68.41300136508852,63.92655650456136
256,Kaleidoscope,67.17759005729147,51.02901320378892,31.85976690350287
257,Lavender Belle,68.94235129591533,63.662530394061136,63.41393540187422
258,Meadow Mae,59.30717309697025,63.07454098244713,10.578585023633423
259,Nala,41.78569687524447,60.51523779331646,100.0
260,Olive Belle,39.16401942092503,61.90459042661491,75.74655422014197
261,Peaches,59.39169352922963,55.17139249864491,64.18416819279119
262,Quinn Mae,64.82124102275901,53.06617402470756,41.17288149878608
263,Raindrop,64.26876978027973,57.97314055201845,53.578110936820934
264,Starlight,67.09724407556888,59.38419390603762,100.0
265,Twilight,62.540370846640535,51.9409512499311,32.351118631869255
266,Unity,64.15732530295595,68.69661502579187,70.01210823093984
267,Violet Belle,57.5220469447776,61.359447431725485,52.45378876726642
268,Winnie Belle,42.74680216881231,61.48699740433158,66.23019481792254
269,Xena Belle,81.72368883008004,61.56800790499068,92.65255517400695
270,Yara Belle,60.61514383915723,64.53629448898918,100.0
271,Zara Belle,49.32026761601864,60.439034407560406,96.84126702265604
272,Amber,61.16427694034288,56.26131205680366,34.44848021299104
273,Bluebell,53.06806604637174,55.6751367738993,62.988504580806286
274,Cocoa,50.74836674330986,70.67054308167474,50.138443618941935
275,Daisy May,67.43218886837177,63.81450069804272,0.0
276,Echo,59.54042469389983,60.500209907139066,0.0
277,Fern Belle,68.47653719719824,50.71706937198314,43.2809410469941
278,Ginger Belle,58.02349889675012,62.75520961106467,39.42908022182213
279,Hazel Mae,73.88085123803975,57.4507468106966,47.774279508833125
280,Iris Belle,69.92450570867388,53.29586988661724,39.65116462429117
281,Jasmine Belle,61.59371248874781,61.581749010554105,100.0
282,Karma,69.44179113112791,64.28845053575866,9.518891671078762
283,Lily Belle,54.04601635506861,61.63173113303245,32.999292501291634
284,Maple,46.964087581582575,54.30589114327501,59.23966189379792
285,Nutmeg,62.11760770167267,64.43196895946772,51.35317441714068
286,Oreo,53.28781095567588,56.58763946069526,55.22000194639875
287,Pepper,71.05161413627268,60.98562753941756,71.96966859088333
288,Quinn Belle,53.72305571904086,62.62400862810384,0.0
289,Rainbow,51.6188533221689,62.99678738768168,42.58500893469025
290,Sunflower,65.96383216002192,54.9324903719787,71.55144179271717
291,Twinkle,70.43248672770875,58.63952875710764,37.00635497977174
292,Violet May,47.498800586541876,53.06179554584829,76.55633278701856
293,Whisper,55.38438625130868,60.39827408649704,40.458657951873235
294,Xena May,60.87198969450226,55.24670964181989,65.60770259435192
295,Yara May,71.73459353395464,66.56485196468728,17.6375407359778
296,Zara May,61.377945842764134,51.33764526382326,53.95862202765529
297,Angel,46.59834900548064,56.90916765018257,50.228586016959156
298,Bubbles,71.25347993481184,56.325808733720784,8.65119409602859
299,Coco Belle,49.8579264241677,65.66823105435653,68.96408116703674
300,Daisy Belle,53.21052229598092,67.35644343785147,62.420431132260475
301,Ember Belle,67.84562224868901,53.519235247019395,69.39327543952172
302,Flower,36.77505344614509,69.6820937691179,54.513584603763256
303,Grace,69.62158672395233,58.09166178514286,72.8122848141227
304,Hope,48.59652712979589,64.21898180459564,47.61557271771563
305,Ivy Belle,65.6839759863537,54.03363063565046,9.691624661484838
306,Juno Belle,52.12325935910579,64.20654609854724,21.39926845918754
307,Kalea,68.44542321672111,63.63226959908839,45.41838624603816
308,Lily May,69.44151567500481,64.10219788258443,60.84750584250783
309,Misty,64.59607262298081,63.12985513982992,29.86601910931411
310,Nova Belle,52.68521745565945,61.56040367132976,19.324379675642092
311,Orchid,45.73712452222342,58.960803103773614,0.0
312,Pebbles,68.75409273793825,67.49950545867445,24.63835029957433
313,Queen,60.25653494048686,64.025078755055,47.93451713702936
314,Rose,54.56762857367626,57.486426812082705,87.73674161321063
315,Sky,49.39373425625202,64.13695488575257,35.81698741088683
316,Trixie,73.92484157240631,68.17620427453797,29.207128858241436
317,Utopia,61.70580033685867,61.558054192819206,0.0
318,Violet Belle,64.89237583670472,67.27977078181738,57.478557763767846
319,Winnie May,60.278976995106504,63.16930209627299,92.14421308545275
320,Xena Belle,58.05953222620984,64.83178954758972,65.37120283558419
321,Yara Belle,64.48036042101396,61.162009011207225,90.7958453527603
322,Zara Belle,50.14830825387653,52.14479119125793,52.51765563069912
323,Apple,59.73674560760431,67.56534034551478,86.86666851876276
324,Buttercup Belle,67.57751594258339,54.788645771959374,53.85850528645976
325,Cinnamon Belle,67.60841333201964,62.890996505940244,83.24342152981802
326,Daisy Belle,66.3471512685546,63.85727217870309,22.806155800611222
327,Ember Belle,43.59766495312975,56.07389488668282,75.93759511909572
328,Faith,59.75008170204942,57.8683513635847,17.010041244215003
329,Gloria,80.27834583195099,62.86887761497573,30.15589007285931
330,Heaven,48.12071597390092,61.13842516572921,13.250303707266148
331,Ivy Belle,74.47646503361489,61.844193680834685,85.29565050662197
332,Joy,62.094314928501916,63.984177076844745,25.46685773436966
333,Karma Belle,65.69095370946366,57.22222349324781,22.433925258558506
334,Lily Belle,47.444618917464894,75.23718348623865,67.5695285980501
335,Meadow Belle,38.37153320521873,65.60818130151372,100.0
336,Nala Belle,43.536622474540636,49.2220692092659,34.91010008373675
337,Ocean,62.580908054204194,67.30494117210225,24.112255351093633
338,Peaches Belle,78.33421085666313,61.90277711416209,64.53960845627539
339,Quinn Belle,63.71808966966626,46.309943190071984,49.31328211950889
340,Ruby Belle,52.82927705105372,62.63790449348049,33.55507375727059
341,Sapphire,66.13621302084222,48.73062430132393,33.922169034748435
342,Tigerlily,53.176857668245844,55.64162453401928,47.931862295759544
343,Unity Belle,54.89947969594801,55.384946848692515,81.33016733258279
344,Violet Belle,54.176876892779354,54.76312372703062,52.92794501364447
345,Willow May,65.84754119825902,56.923049273070134,30.861946270819484
346,Xena Belle,56.2304579661165,56.48632922098598,81.4702977735347
347,Yara May,62.12888412631885,57.31602637135529,39.86076739992574
348,Zara May,48.49494114886093,61.097050238512466,41.176489530223805
349,April,58.67073965722389,59.582347752464344,8.335257201730826
350,Bella Belle,68.9427851224097,46.06530032479801,94.17455075567592
351,Candy,56.25862764142108,56.450634895227715,24.527761310120752
352,Daisy Mae,56.74898405217465,55.571005753781506,0.0
353,Ember Mae,53.36324821594127,63.54820482601366,54.675395308735204
354,Felicity Belle,62.43850633927787,66.59583583123883,50.57218692732855
355,Giselle,59.61362660096911,73.65585835180758,31.241496665113186
356,Heidi,59.62236771965949,63.26237948036061,85.25337772717191
357,Isabelle,45.120705197175965,59.09034884251545,100.0
358,Jasmine May,64.88103788769182,48.32809200020113,49.136668456331336
359,Kara,46.1255208163376,71.34886740928424,76.91486161239675
360,Lavender Belle,81.423683015606,54.30467033673116,66.53071272464908
361,Mia,55.97445047518784,63.781230846811866,37.422700369535164
362,Nora Belle,71.83440313103999,54.99399427943738,52.051322669704945
363,Olivia,64.4106736104304,50.17453580961754,40.61328335759576
364,Paisley,77.29619755820649,56.95189526866574,90.99045902260676
365,Quinn Belle,56.81314713340377,62.745391497238366,46.47046031637262
366,Rosalie Belle,48.45562062839525,51.56743391368886,8.529303256695876
367,Samantha,46.853076675813604,59.88816564358535,64.83476300623495
368,Tilly Belle,59.35449080588593,58.64323392067187,41.738928073143924
369,Uma Belle,64.00245441419302,63.74836816036714,23.376582102036863
370,Violet Belle,74.34093547517462,52.43687877577567,100.0
371,Willa Belle,70.61011814197124,62.14011518721791,48.38929449039251
372,Xena May,63.927693021872436,65.44253736005989,21.387236230071753
373,Yara Belle,55.784220497850285,59.953091690395766,55.60838906957013
374,Zara Belle,53.68466648549483,57.03157544350804,42.53853742966118
375,Acorn,65.1424968376923,49.168142464579844,61.553299780785245
376,Bella May,49.8553464346021,65.10847058638306,23.065442750537294
377,Caramel,68.94283046927553,69.85161646897973,85.42773312325085
378,Daisy Belle,61.54280969334397,53.3651394309696,81.2326921171065
379,Ember Belle,69.00217987434542,48.30651025250006,100.0
380,Fern May,41.53045415295385,62.87084503457653,25.631680449311222
381,Grace Belle,57.00306963518559,63.08449366660955,64.54977399374582
382,Heather,76.84267355481927,63.359050762103614,50.6519291708336
383,Ivy May,54.18558074956595,65.62510970111236,66.48720060081948
384,Jasmine Belle,55.23658299837104,68.19554943303959,73.9521531694
385,Katie,67.68284874785424,70.02777604719606,41.27488588871694
386,Lavender May,50.78718125178547,55.34274537816403,67.91075114090384
387,Mila,60.538941072168605,55.13657966919408,22.062379663422544
388,Nutmeg Belle,52.49069813685576,55.3666638009971,41.34183125673959
389,Olive May,61.98316438520905,59.06894760905395,50.543585197107255
390,Peaches May,55.56074250217301,75.5998073256851,62.75928441567385
391,Quinn Belle,58.111774682904404,50.02423846369574,61.421451368940225
392,Rosalie May,55.792183193207855,68.52985902054796,51.118917768868684
393,Scarlett,50.19143018745656,54.38336771118159,74.52614115694746
394,Tulip Belle,57.914961892160115,59.46311091573101,37.46744680796865
395,Ursula Belle,61.20700119204689,53.765744130940305,32.98596975507478
396,Violet Belle,66.06540290563032,60.927139281280745,39.711368414916066
397,Willow Belle,53.14888084659484,67.24578608719165,28.823760289498313
398,Xena Belle,72.43891740072281,58.825555540278046,0.0
399,Yara May,66.20703702193605,58.55679641532186,51.18746909583607
400,Zara Belle,64.52143070432038,66.0501776871541,34.77548291758575
401,Aria,77.81930379611194,63.93947524356086,44.12466131621321
402,Bella Belle,62.75724116187321,58.16629714570397,58.246654619117685
403,Cassie,55.028550519281666,61.05017937137373,13.638914650141515
404,Daisy Mae,63.14680428478131,68.86420224855812,61.33322544030862
405,Ember Mae,71.3880755609256,70.14637517434757,62.02535760093359
406,Fiona Belle,70.775471229981,63.015424971545265,49.154695370541845
407,Gloria Belle,72.843405332793,58.54025430344728,52.43903930984617
408,Heaven Belle,60.63500448767111,68.49719594528744,39.017286087598826
409,Isabella,51.20195708092069,53.384941041492596,52.846194307619115
410,Jasmine May,61.355962431084365,66.6125931195292,60.220716996914604
411,Kitty Belle,61.050505822989734,68.37245954439587,61.07807925875908
412,Lavender Belle,64.78638361271233,63.19246538763297,66.52276827794145
413,Misty Belle,61.1565129061508,56.37182364677797,83.70781686474126
414,Nala Belle,59.858281262887296,53.8553904920754,0.0
415,Olive Belle,56.61089672005673,55.25489254186853,66.53253420736036
416,Pansy,57.40498603881771,56.745002505437775,93.42378523290037
417,Quinn Belle,56.498017462042625,59.471490199435166,62.11099001763293
418,Rosalie Belle,55.86077773751502,53.21966593197263,80.69558255061025
419,Sienna,68.12407152139491,59.5168112828897,65.0602996288415
420,Tulip May,60.39136123078018,66.4305150074883,67.90336777064942
=======
1,Mooey,61.251984700652,62.62168943977529,62.90021199141762
2,Daisy,56.831700110752905,62.833150939916905,13.52894977654524
3,Buttercup,72.33398157716285,63.179451826354494,84.99274923222447
4,Bessie,52.74426416950317,49.8497344339848,65.83556781226909
5,Clarabelle,41.08510162770223,51.79585707989831,55.48211686657087
6,Clover,46.81695142141876,65.07444302405025,51.86477637845585
7,Holly,44.02155386107614,59.12833778632311,25.805711651208018
8,Rosie,71.1483933333802,56.25560263315872,60.83725175609225
9,Luna,59.10831442615789,67.97085683877538,0.0
10,Molly,54.491925424248166,58.39571027786665,8.581105505706333
11,Ginger,65.79229938543256,55.359374842325,10.766411349424544
12,Matilda,53.55354900334811,65.94445366193717,82.42398093268879
13,Penelope,55.38692212557738,54.958817331202724,100.0
14,Fiona,52.77239342159598,66.89501551333777,62.433280941281716
15,Hazel,61.84163963478171,53.923004723639856,83.0274258777744
16,Freckles,82.04419611178372,71.81234589019095,35.369430223693115
17,Petal,71.59514794028854,55.468136046216685,100.0
18,Dottie,57.799674457037405,51.73439612495508,62.74886744314247
19,Pumpkin,66.70448255979029,59.45942021062756,71.28135316156802
20,Ruby,49.93549505505932,60.25012780863455,69.68823671458182
21,Willow,46.28689019458738,54.53934504257176,55.77480390178067
22,Clementine,75.99344473082235,53.240976029619645,54.39456457684616
23,Poppy,66.15004077864006,54.77516197196603,100.0
24,Jasmine,53.04595786988093,45.18637998072978,29.691852285351487
25,Lily,52.49273897972848,51.271068977303436,67.39631608750503
26,Bella,62.71671257774961,56.145150204114515,31.330844031317223
27,Lucy,42.93919525668892,54.86995959848749,22.37862459932193
28,Charlotte,72.39358483265728,66.40585303580771,38.726241568837295
29,Stella,65.25159554726336,63.75073565357857,77.16827856008821
30,Sadie,66.29395472773236,61.430018300162764,14.678608600970101
31,Lola,51.2240855805699,62.12017099231488,33.427134761395976
32,Annie,55.41247559622275,56.637394776306806,22.738191203080763
33,Elsie,56.20690660398558,82.59715353754015,88.36175572652343
34,Millie,47.52703827543415,60.73581172067436,46.2008766368871
35,Pearl,51.374528842529145,53.04839445207461,34.254133574949975
36,Rosabelle,62.0049559398854,52.27588673013433,4.744572594701708
37,Winnie,37.998411866229176,54.52533151868648,1.3813068620934246
38,Beatrice,71.23398259045541,66.29586081058032,65.50010887472308
39,Phoebe,69.8764956923098,57.45662250774356,93.48674699317641
40,Violet,61.827201416631944,64.65972428324439,43.20772383101649
41,Maisie,67.63322474695724,70.14377875786262,74.70516656324033
42,Minnie,69.34056122786538,54.851528447254466,0.0
43,Olive,53.776854702918826,60.63683793327871,34.546375336127326
44,Georgia,51.29873927723811,53.62986709521999,100.0
45,Delilah,55.3287861391138,64.98860116404319,59.887233108014826
46,Honey,59.12047207242774,63.90976703354491,5.477288364812608
47,Marigold,76.37360371374189,55.81599129266631,67.40833981388917
48,Delia,71.60953114187713,62.866285019074624,13.824862151210986
49,Juniper,45.23690390878658,59.47018686807409,39.341617018442115
50,Martha,70.89788063457098,61.119189427568514,28.50151088703295
51,Greta,56.21850051458774,67.08956234996813,100.0
52,Tulip,66.4873077290579,62.85932401022116,2.009997239864056
53,Daphne,53.190852852168234,54.28181280484457,58.52341324317557
54,Fern,55.66907670240071,55.99081471487184,24.9690887382335
55,Opal,63.121054314259595,64.14185692991133,68.90968519657295
56,Betty,75.60466786037831,61.500728986122766,18.78572691868777
57,Daisy Mae,54.087371300913944,66.77992677831608,58.528285781907265
58,Coco,66.45811165516612,58.5131601865666,61.67644245765291
59,Eleanor,66.01919936057094,51.20340705131643,83.88839997417709
60,Nellie,58.31801897189236,68.68112153521233,24.917832326585515
61,Zelda,47.357515206572856,64.0754665218695,47.11504523133881
62,Rosie Mae,58.32224243176835,59.260470874440344,72.02024036451519
63,Gertie,71.02870136432357,56.35171775585727,0.0
64,Flora,54.72494995735582,61.62410547795403,100.0
65,Gemma,67.61357232654764,54.95332636300365,41.358168167645324
66,Ada,62.14869936521238,62.21769936389279,26.47595633654711
67,Harriet,52.038117328588775,57.093652351458374,23.86478980938031
68,Mabel,35.04286107637403,68.0663344778726,28.639046178983996
69,Cora,66.51468427501617,65.12157600860586,5.721675567880197
70,Ida,63.59148008877587,61.2521713277495,66.91992448956634
71,Esther,63.35427202860681,68.02005524446925,9.616408691364825
72,Nora,54.460913763739704,55.06227640043707,42.14626063965063
73,Hattie,43.280234917263094,57.91609455087855,23.95723373524257
74,Willa,58.343053707985945,67.32789599412467,52.45731274570316
75,Adelaide,79.07033732406634,55.31475822100642,34.52114947546283
76,Winifred,57.655748589766866,71.43064507698433,80.93631667739581
77,Louise,59.267765419020115,67.48312547916052,17.305774433071598
78,Agnes,63.94691770911915,55.48192465529435,55.47399935075492
79,Bonnie,40.18922564003881,56.893603715533516,62.969411620993355
80,Edith,44.64552778416898,63.22265895472011,27.950803222197695
81,Imogene,46.37418648143236,53.93284166579442,16.87390728369757
82,Josephine,56.36283795528612,58.22395532970643,42.954418352005376
83,Lavender,67.84863344433882,64.97304021251203,70.3181508235252
84,Martha May,64.23389833430623,59.80437589429633,62.1395140440342
85,Ruth,64.92443414826685,46.730852734996574,41.67141222258546
86,Sylvia,62.89362512925055,68.42474577612944,43.49961150814799
87,Tilly,58.63477318704202,57.52271336972423,64.75540038248161
88,Tabitha,64.36969475905069,54.976673226234496,100.0
89,Henrietta,52.04858207053764,63.537373331706775,5.369201067481448
90,Lorraine,60.74406836276499,59.690831811232826,33.94115951652263
91,Maeve,42.3152630832343,54.1707979496004,31.03826692613989
92,Prudence,58.76924433807982,66.04708299142872,16.964836003282628
93,Sally Mae,55.95771932911899,66.7298875662321,59.02006784161211
94,Dolly,51.44612320582281,69.51642182426089,27.76148907866112
95,Gladys,56.26858737336628,66.55301084456468,51.15944957964427
96,Harper,63.63138333732626,61.9619984943679,59.00737407126234
97,Harmony,53.90657163684595,65.17625980019994,25.832220196136294
98,Iris,41.118642714332864,67.52097975984805,18.20419794023262
99,Juno,56.91811578249955,67.8455267868713,61.29993186726804
100,Kitty,63.05631029206792,57.30144341035437,97.79374802628925
101,Lacey,53.91030616136908,62.5296720482989,85.37359925655221
102,Magnolia,56.77872610718063,52.91347876240293,7.921143474914004
103,Nancy,55.77768593408796,58.287763839062755,65.84583171002089
104,Ophelia,66.17775858274736,56.698121510839506,48.99375351443238
105,Patsy,45.438325993814345,72.70669664735178,62.523800388958875
106,Queenie,54.34013533375393,63.46199128126397,85.81188736729314
107,Ramona,53.73409578809479,69.87002368670622,82.56157666971049
108,Sable,53.17312548013935,59.526186714603,24.028749779808063
109,Thea,54.80321218010421,54.03556858267321,86.53163508648117
110,Una,43.69946408576391,58.17612809877484,91.95578198280276
111,Veronica,64.00733732795646,64.25869803196618,49.66613801050426
112,Wendy,64.81402027109462,60.62808159616749,73.77893511511023
113,Xanthe,71.66994810568406,56.59492637380677,31.53581355452371
114,Yvette,72.32680114853355,72.29282951884902,100.0
115,Zara,60.56147944662086,58.505226822130744,34.535249441990814
116,Abigail,46.02739969545248,55.610897465134,75.59046550149935
117,Brigitte,51.077399723895404,50.91201936170215,43.94085861133597
118,Camilla,71.06444322143197,54.41029260171754,71.23725420933042
119,Dinah,44.21829342889979,56.93824302943084,57.0831509441794
120,Eloise,45.974149900967674,53.28336757544297,57.777984981208206
121,Frances,54.89969663023696,50.92869809527018,44.3811902292643
122,Genevieve,43.94566205623891,62.23230227818817,54.014256856812516
123,Hannah,60.24149101541499,55.96453325324885,31.42036942324798
124,Ingrid,54.448488059506005,65.8566547073911,100.0
125,Josephina,49.58389201846963,61.12782766623799,54.031203654485644
126,Katherine,67.80243767551565,57.18319789716929,21.868079816249026
127,Loretta,56.52882429661395,63.33415695807139,19.880901206900113
128,Miriam,61.50266077218077,58.99040220148064,39.740317769883426
129,Natalie,63.69113336218736,61.298417473685255,86.25910683365714
130,Odette,78.39293186703259,57.46602826414972,0.0
131,Penelope Mae,76.38103390744998,59.426277688725555,28.933718004613617
132,Quinn,55.86072259819294,63.96385496043154,84.23940177250341
133,Ramona Mae,70.21635712633037,63.53375275320412,47.22545831209767
134,Seraphina,47.871984114894744,55.373810187692634,37.460697623584096
135,Theodora,53.597475020567494,54.23926444048818,76.45981606398061
136,Ursula,71.34926754258194,57.709312499215194,62.54099039497112
137,Vivienne,59.287975991949075,60.05202052465573,40.71937867572966
138,Waverly,57.54041523980014,53.09850867050008,34.56253840356732
139,Xiomara,66.47094300757443,53.21127189566603,100.0
140,Yolanda,68.0508644213877,62.31048542721964,44.09717925472032
141,Zelda Mae,83.34759610015823,59.48043830958066,87.25394864866774
142,Aurora,67.86039785737783,61.45458206814029,67.13559405579488
143,Bianca,45.77953883750318,58.88057361008527,35.8259926911321
144,Calista,61.84610230696422,68.65132506576626,21.93261941696714
145,Diana,69.36515151340708,59.2245731847316,33.34190354647399
146,Evangeline,55.00327325136228,57.53998707537898,71.0477725744291
147,Faye,71.30804618718378,59.973337624293904,0.0
148,Gwendolyn,51.967231759546884,61.05339696675894,62.763865043904985
149,Helena,55.20577895568956,66.9333072162043,76.33973358237382
150,Isadora,68.75821195042576,50.27865766682023,66.69281074927311
151,Juliana,66.24020415044997,64.1475644568117,45.21506791974581
152,Kiera,63.1936349769588,63.38235654710086,35.937992469871375
153,Lillian,48.052917315667855,58.346679072231915,50.01521986989301
154,Miranda,42.32158733614232,62.17167308406579,68.74326646130689
155,Nova,55.658856334960035,56.14718839483871,74.75974166519512
156,Octavia,67.2921479127525,57.06251992297704,59.49820912662032
157,Primrose,67.12158533179701,57.98038220175241,45.059270258595305
158,Quincy,63.327512087133876,57.9667182367466,46.49556087716784
159,Rosalie,52.198127985945185,65.32692659678861,20.898935320976243
160,Serena,37.359889641133805,54.90015129714308,93.73423125138618
161,Tallulah,65.9220202718009,59.17731822971425,94.24673690282782
162,Uma,61.92479290759027,61.247849528901654,60.039566322031334
163,Valentina,81.99528490017059,61.18133586610745,29.40240527106997
164,Winona,41.716980495123025,53.08914693439996,39.50909855234608
165,Xena,43.91636609196695,67.90918317931373,7.41370768225957
166,Yara,77.77971005688786,52.416468115524694,81.61806503634088
167,Zinnia,55.539295814292814,65.64470508508312,81.32026840070057
168,Athena,67.43617405745192,62.06447352499277,16.48477173283078
169,Brielle,87.97577039450684,60.35038832476854,3.385035494074316
170,Calliope,62.34033691284716,52.86821850537652,78.24874768844333
171,Dahlia,79.79874440106325,59.15408538117241,17.153754461222654
172,Elara,51.97042572078129,51.53242671577936,100.0
173,Felicity,57.31231783255315,56.51147116246419,40.98332148826616
174,Guinevere,63.62679674383723,53.851864493731505,69.81785447053346
175,Hermione,74.66445374215435,65.67265689175295,78.76899887271583
176,Isolde,63.93614131503534,63.167138527241164,14.754022763006404
177,Jocelyn,60.97742979504356,56.836108926263215,23.408351652743086
178,Kaia,65.24520987082602,64.91559436526175,46.41912251740441
179,Lavender Mae,74.56647620061771,68.09601017809112,88.81613331216437
180,Margo,44.99497216246771,56.48976204308532,24.31661590355249
181,Nia,64.51234931413902,63.54461532129889,32.014312373863035
182,Olympia,51.756855574135315,48.0754282630938,45.04129195627968
183,Persephone,65.74544443007176,60.830916738875715,22.215255503030715
184,Quenby,55.208659993912256,51.33618997611241,46.82625898569183
185,Rhiannon,54.18662917253434,65.36309727115429,67.23599450376925
186,Sabrina,66.33266063280821,56.39350410187193,56.16262735447586
187,Thalia,53.07410504587537,61.3483510454175,46.209972283928956
188,Ursula Mae,58.4165312255057,50.4311248268834,1.4169724317606054
189,Vera,74.56604304535917,62.93228028536661,51.05602499834644
190,Winter,66.39221322578616,55.812391019594536,14.924230035103953
191,Xanthe Mae,63.270940566006594,73.50448647726344,18.430176481509886
192,Yara Mae,54.47916912184453,52.13111108534466,41.17768050664687
193,Zora,67.3300585804275,66.67179565631659,17.72984118298581
194,Amara,44.13142213602367,58.00448271574828,73.80678807548284
195,Bellatrix,53.13196810566959,61.24507240471626,27.086028146669253
196,Cassiopeia,61.315915894195186,66.61934578482557,75.49006273806116
197,Daphne Mae,64.32140079018086,60.318411594510394,94.54234477676545
198,Eowyn,69.83533817811102,63.445502554308106,33.753344564485104
199,Fiona Mae,45.41912819529674,64.53414767324853,55.02620663829805
200,Galadriel,52.81430120657815,65.85443599011761,77.08276367147224
201,Hera,47.771010053828384,60.59676733274043,50.31917041608622
202,Ivy,55.9881146120409,57.087799704721725,72.30880662309471
203,Jade,74.52516603236488,53.093806052375484,51.06688287935686
204,Kira,76.89800936557042,65.89252443956116,47.03755901577599
205,Luna Mae,79.66587673599328,57.07339818985866,78.40569668770323
206,Maeve Mae,59.4605749638898,67.88638156514406,34.61049046781984
207,Nyx,71.5209833947306,63.9159112173731,19.03778479137982
208,Ondine,76.463363800851,62.735129564799344,100.0
209,Pandora,59.91048231081522,64.34780893667256,59.45635231930545
210,Quintessa,59.825900088956296,62.40909505143093,70.05771480782352
211,Raven,62.995998552059994,61.050159021564724,0.0
212,Stella Mae,50.337807506230575,63.21380430004266,0.0
213,Tara,62.107376417382476,63.434986419199774,78.19061911754267
214,Ursa,48.86899287358309,59.49842550543972,9.93529163521034
215,Vesper,66.96445899019379,50.70448908032076,0.0
216,Willow Mae,47.78944482552433,58.65213315797613,0.0
217,Xena Mae,67.6642026081997,58.34941230785609,19.70146529511383
218,Yvaine,61.71924150783822,60.89048809791975,84.31000082936953
219,Zephyr,81.31443840785523,54.90288470101626,33.41197235602148
220,Amethyst,77.47949785629118,59.318555189161074,73.02536624280881
221,Belle,70.67860971531843,55.88937062494785,66.95338159083224
222,Celestia,29.754487361152762,50.24705481089534,67.47862863190866
223,Dahlia Mae,79.989755916284,63.44973181966005,11.52322953465346
224,Elara Mae,55.986449416697646,61.14683283185945,69.60176582284927
225,Fern Mae,65.4691329231346,66.7569150985243,41.09097666912308
226,Gypsy,62.77143518647086,58.80221066499152,86.24318177382722
227,Holly Mae,82.27039773555134,59.610303536162824,38.376739168508
228,Iris Mae,61.471556481310905,50.479338049692885,64.18035659020902
229,Jasmine Mae,70.05814741777593,57.06496852754365,68.15093426404738
230,Kismet,57.78425285196923,66.7193198401375,99.06315715984539
231,Luna Belle,73.19981061743613,59.27204334950996,3.8812457744695905
232,Meadow,63.448236058969165,64.89294120049034,80.33564097704574
233,Nova Mae,72.41355687315146,56.387420400452456,0.0
234,Olive Mae,55.82429158726512,57.47339629714263,17.05893551177852
235,Petal Mae,47.98246144397993,54.099946984368685,50.59313505325972
236,Quartz,60.227959153797606,59.07031901383503,0.0
237,Raina,64.25494863258784,63.13086918182138,31.03886781510989
238,Star,41.45519527179738,54.626202528261544,43.74397359810099
239,Tulip Mae,53.083929079789826,60.16511506064742,88.50945447616668
240,Una Mae,64.40636767925533,50.69677249307103,0.0
241,Violet Mae,46.62066980886465,58.371156597338725,83.19078492969925
242,Willow Belle,67.60804347933488,59.37403012361793,18.83247961057288
243,Xanthe Belle,45.312104891017135,49.86631331923297,40.75104133755657
244,Yara Belle,62.64511714208818,59.34883436805889,21.309581602815385
245,Zara Mae,58.52377731820517,61.94602526504896,0.0
246,Amelia,64.42728447208573,58.756378720457185,51.064332055366144
247,Blossom,62.894768171910776,60.16243498501477,81.38329008170857
248,Cinnamon,65.47442054547413,56.889764254384254,0.0
249,Daisy Belle,64.51736369233494,61.789180341285075,51.477786259373474
250,Ember,45.48417103573243,62.4041725995577,73.96190964377153
251,Fawn,62.41584173598203,63.39790061070839,58.58965464723371
252,Ginger Mae,69.16792195391449,51.994294202728895,20.00415306278976
253,Harmony Mae,57.38663856651431,52.822867677812084,48.715729223308855
254,Ivy Mae,76.08693645407644,66.0696790225949,64.35836122310374
255,Juniper Mae,67.32916554439265,63.83442956031935,0.0
256,Kaleidoscope,46.08748727363913,63.80030639956824,59.20861935349502
257,Lavender Belle,58.2665350822353,58.09203795143627,15.618533889861986
258,Meadow Mae,63.450716449105165,63.23784493945925,46.29540999299665
259,Nala,39.68721068433027,55.27219000066023,46.34167829929327
260,Olive Belle,59.05614480318128,53.54139788178332,15.485333211369912
261,Peaches,54.10077658305283,55.39348723043276,6.556204035016549
262,Quinn Mae,80.92375063942526,57.37623257093469,19.78591231230141
263,Raindrop,69.87316042470101,56.956253650469826,52.83656055695951
264,Starlight,40.64360889068203,57.75039734399914,60.33637488396256
265,Twilight,50.028812676814084,49.78971573085123,44.50802778887333
266,Unity,63.575615361635094,61.432711500045784,0.0
267,Violet Belle,53.70098734049021,61.93867533746981,83.52461069033635
268,Winnie Belle,57.20071105475759,66.78204081541902,33.88653112230915
269,Xena Belle,56.30370405179797,54.50836089702513,100.0
270,Yara Belle,65.35889882109406,53.757035284358764,46.96844052241869
271,Zara Belle,54.37887507439653,52.440656950445586,52.48133991718692
272,Amber,64.04109112681883,59.06660289329328,61.25863738923675
273,Bluebell,61.10557082791977,54.13342441272178,42.899831224959705
274,Cocoa,63.4381750693188,58.3493671735815,84.72801685475343
275,Daisy May,71.5318350536056,59.32884109589885,36.64221923821166
276,Echo,44.54359988879219,61.045853240790876,20.743299494994925
277,Fern Belle,53.93068852734553,60.965413812994115,21.493692509974903
278,Ginger Belle,73.44767675966614,77.84804247749177,76.94190767875007
279,Hazel Mae,64.69848806328176,66.16894747811311,69.46244013225625
280,Iris Belle,59.53261127001239,66.58263036852296,42.32588377270336
281,Jasmine Belle,58.28456618043079,53.79096396714922,99.43826208035486
282,Karma,66.09787653666085,62.893135361104186,32.60952815841711
283,Lily Belle,86.43721837005437,59.327980513345985,33.59568354204245
284,Maple,58.31555082495396,74.64175793763599,93.49596965419619
285,Nutmeg,67.22498313702962,54.40370985195227,38.82989067697795
286,Oreo,60.22836943605954,68.6773842614277,87.19711100544703
287,Pepper,57.773947644882384,72.10720108203617,28.306458343693116
288,Quinn Belle,51.32527399322847,57.06531486437744,3.147774877120497
289,Rainbow,63.647894555356686,71.68779952975268,63.07053977352753
290,Sunflower,70.21224691562415,67.26699775872454,25.575503882813127
291,Twinkle,75.79064597077618,58.567962774620696,100.0
292,Violet May,71.93499998494426,55.946373697420896,23.548194121686763
293,Whisper,60.71068976875056,60.4221726483298,80.85638045574863
294,Xena May,65.07567875404827,62.56981848971468,19.302116184787142
295,Yara May,49.28846444262346,59.695122527015016,82.50003901686537
296,Zara May,59.26347497734765,61.20647630637027,14.432529818277473
297,Angel,72.48180407651576,56.740152472673884,7.771587973016459
298,Bubbles,52.34786762852255,50.42120198224997,65.14729604646709
299,Coco Belle,70.47949689416811,58.04755148709677,0.0
300,Daisy Belle,62.42514978425104,57.32004341278786,100.0
301,Ember Belle,62.176778775838976,61.54435693508015,25.147697336230507
302,Flower,54.37584060569723,63.22413436693736,38.10144918003114
303,Grace,60.50274481553106,61.37994891224759,56.20330623245677
304,Hope,67.69255199230298,63.10496006300503,38.6102430672202
305,Ivy Belle,67.19698984568493,56.03635723251508,84.29091128174394
306,Juno Belle,55.0924467311136,61.294305260676985,100.0
307,Kalea,84.55619082314767,57.38402781947334,21.822855938501707
308,Lily May,61.724309618348165,52.015556398434306,100.0
309,Misty,56.81070386572624,70.34388359871664,25.037989182272845
310,Nova Belle,66.6224699120015,52.898977624404054,73.69677834658361
311,Orchid,55.86619616800065,65.6403010075605,24.16235889112957
312,Pebbles,64.7755601767634,68.33006486159375,66.4355955105053
313,Queen,41.58224641116924,66.92087892056207,50.20795771193847
314,Rose,68.81736392265685,66.11297054094521,40.47138124964739
315,Sky,83.78286154464855,62.51351721391047,26.390064946713814
316,Trixie,52.36352894339022,61.72380891899369,61.59851206549226
317,Utopia,59.7536308302427,58.692434611968096,62.73102323906643
318,Violet Belle,58.36470773239433,59.01074240360516,17.390075351307573
319,Winnie May,54.92522928351711,72.26484392538126,56.841696987854235
320,Xena Belle,45.98000076294584,66.97823039923375,68.33565059190789
321,Yara Belle,47.88709258253087,65.17525383985958,59.61092524687037
322,Zara Belle,64.64133360005182,63.478899641818956,6.598876689954899
323,Apple,50.33149657613935,60.45710169637761,18.92668971664962
324,Buttercup Belle,58.85970155219641,67.86213978940049,49.300251287929015
325,Cinnamon Belle,67.16391037098717,69.593465208787,42.662839940714186
326,Daisy Belle,51.72317470820904,59.34940706971117,71.16582932709801
327,Ember Belle,52.62484598601591,75.99225288908495,71.9302137439784
328,Faith,65.35647845797223,49.39050573731125,66.22478681736968
329,Gloria,63.32678983910784,59.21878063881143,80.04798167201045
330,Heaven,62.24327431552849,53.76516710386348,65.36485530721502
331,Ivy Belle,57.738700213077074,58.571965515548925,87.07919241392312
332,Joy,53.74570946687392,52.21907021651609,11.614157629266245
333,Karma Belle,50.06595626469543,59.292285544055005,54.434099157928024
334,Lily Belle,43.84995961072308,58.08798112346312,22.843629417852917
335,Meadow Belle,58.656825275658484,68.24352586268616,19.47523582724499
336,Nala Belle,54.259474325705995,61.01208734942629,49.966403303121105
337,Ocean,60.946165970717026,56.37608071232253,32.075803377257884
338,Peaches Belle,61.141126612077,63.425667824709734,45.95590135962522
339,Quinn Belle,54.48117649461803,66.24670318232468,58.3443966010704
340,Ruby Belle,54.71405521244638,55.20860677245592,54.72755380525175
341,Sapphire,64.00844427486649,64.12198262875057,100.0
342,Tigerlily,52.56923847415509,66.23092266866833,18.878101698181
343,Unity Belle,59.2621460892822,66.81174801516282,15.36187343500719
344,Violet Belle,54.176166364213515,52.967538950283206,24.486632464815237
345,Willow May,43.67755365975248,56.43575375475473,34.83927764157668
346,Xena Belle,74.43894808540617,63.951838809406716,91.85173592469657
347,Yara May,76.13126422963487,66.62306813678819,32.07053580691137
348,Zara May,65.95985040685035,64.48211680477638,55.771206651915946
349,April,58.42812524593154,60.09404509536387,32.71759918431782
350,Bella Belle,71.07077157151262,61.25999744854356,76.7772766172232
351,Candy,75.77927863514236,60.899927998175116,74.42555645829133
352,Daisy Mae,59.45463459366317,60.834231524437506,52.75976059746103
353,Ember Mae,50.01986071305096,62.20016744100386,100.0
354,Felicity Belle,42.50331202401024,60.93450556345693,55.41818738776739
355,Giselle,66.63638397829564,62.29099389389285,0.0
356,Heidi,56.85429654905189,57.579382085183255,0.6766694672996536
357,Isabelle,65.10251540540084,53.96122370368684,67.62296658551571
358,Jasmine May,63.87060336088659,56.00179569159674,4.255439917767674
359,Kara,54.98516006772904,58.89478928978883,100.0
360,Lavender Belle,75.41939339040864,58.66050531167056,100.0
361,Mia,52.96582119907494,48.52380172516981,36.48849661155864
362,Nora Belle,55.31101884627973,59.156602001725226,40.498148130339096
363,Olivia,64.82464160605132,52.063946130240616,87.82839956076917
364,Paisley,60.08753967996384,58.806908833782785,33.806393195396375
365,Quinn Belle,60.114222391129324,60.4641834814738,3.791541369162779
366,Rosalie Belle,74.9598734194586,53.55936464683106,93.41409512175214
367,Samantha,55.378143211518875,62.04750460223061,25.95943300139085
368,Tilly Belle,49.854961629295,57.543449812237625,40.158636494605034
369,Uma Belle,69.80401369144613,51.48503848288611,72.5910935693526
370,Violet Belle,63.73734238220138,48.30823632005691,25.342202352669247
371,Willa Belle,71.61204978722354,58.059974693602456,41.55773205838507
372,Xena May,46.38356585707329,50.045033610511815,73.37820915990186
373,Yara Belle,65.54121448792459,63.45086062384966,0.0
374,Zara Belle,57.4998933656925,64.49030788133933,78.53555805338056
375,Acorn,62.01035955110903,60.389729370826814,36.53211232538775
376,Bella May,40.43621291913939,55.05337983930338,47.799958689618705
377,Caramel,95.01657281366063,66.21175714360908,25.05239339858086
378,Daisy Belle,56.43220006849079,60.13988196911907,80.42382997193312
379,Ember Belle,43.292424594094015,68.88814635172653,24.639262701125016
380,Fern May,75.62865847505348,65.62264117951341,59.45129867788923
381,Grace Belle,74.15902103206756,61.62057808865186,46.46916687817712
382,Heather,51.20499594567083,71.05189058984814,62.12512525672577
383,Ivy May,65.29339040010392,56.80069803911468,74.00557285283818
384,Jasmine Belle,51.58431315718754,59.3541601532268,50.625622569234515
385,Katie,50.81149751548592,55.02516545734306,44.741786867929505
386,Lavender May,61.5037904730093,54.69593727491914,100.0
387,Mila,64.93237519560171,66.77615162154278,25.74279224472561
388,Nutmeg Belle,69.1647691497225,63.064063182577954,22.95690277417993
389,Olive May,42.12888324580308,64.25948878469517,29.567240893017406
390,Peaches May,58.92868601849061,54.916173261632345,29.520965294895742
391,Quinn Belle,68.16279711622033,56.928283480100376,59.549453918712565
392,Rosalie May,67.5825983537113,65.4162755253373,100.0
393,Scarlett,72.98330057004422,52.44269231177773,8.844825410406465
394,Tulip Belle,62.36399185815594,53.319003719853754,46.99644908153687
395,Ursula Belle,55.67577857600541,55.40046936395741,71.41447896866025
396,Violet Belle,60.930881675029944,61.07566908859617,35.171432034743646
397,Willow Belle,47.74741019908433,57.68079071377693,11.607689919523786
398,Xena Belle,64.20010460041684,57.17237707788209,51.80758664108431
399,Yara May,67.62514040043753,56.2274661710965,13.82461071959603
400,Zara Belle,40.57373721544698,54.664672361015405,53.10304243145749
401,Aria,58.45919385595901,60.32896932620392,29.97545317023558
402,Bella Belle,82.02588454112683,50.69650813624544,19.48989101302382
403,Cassie,57.424604324692524,63.31081417962583,48.735372461738535
404,Daisy Mae,64.1669003870175,64.97047743262033,80.82726400095856
405,Ember Mae,56.986513357270304,49.65777000063602,19.147446298770948
406,Fiona Belle,72.9498253997931,56.903386804643716,43.529214416016046
407,Gloria Belle,69.762026251592,52.66051198532678,4.960921172618185
408,Heaven Belle,61.667292442871464,62.19406926885337,27.277996043903663
409,Isabella,57.82172475854225,62.35033715997045,61.68529227270035
410,Jasmine May,61.869898619400914,52.01540398819195,77.78206115219615
411,Kitty Belle,64.84826443140435,65.79676840612262,86.31479617908425
412,Lavender Belle,52.98027131410958,57.69965248082635,69.6838186607624
413,Misty Belle,63.523752615768096,60.847808625182886,43.444412548880564
414,Nala Belle,56.731216392160775,55.40698040382062,56.127973476320406
415,Olive Belle,67.87590770829037,58.193134255275446,0.0
416,Pansy,57.145907945558015,73.08089804677829,48.14920359261788
417,Quinn Belle,62.453765532614376,61.31332649333978,40.83631528008176
418,Rosalie Belle,59.67871665904065,67.2277144447555,59.39709289252882
419,Sienna,58.45738319148291,66.73835846612371,0.0
420,Tulip May,52.3816055488427,57.728737286241994,43.43426081930175
>>>>>>> main
