1,Mooey,59.17593364153085,62.05899060092735,62.90021199141762
2,Daisy,59.95901367962101,86.40847349449751,13.52894977654524
3,Buttercup,63.575013050989334,37.50109338594279,84.99274923222447
4,Bessie,54.16337020624989,48.000048937289066,65.83556781226909
5,Clarabelle,44.34219632084496,42.32726924066426,55.48211686657087
6,Clover,45.43203401095905,61.7033149847407,51.86477637845585
7,Holly,56.416673710040236,60.74535169947171,25.805711651208018
8,Rosie,61.0443657390523,56.742623441689936,60.83725175609225
9,Luna,61.12355387989347,61.351440073828684,0.0
10,Molly,59.68904328076618,34.023070056254184,8.581105505706333
11,Ginger,63.851746841686605,78.67581026311443,10.766411349424544
12,Matilda,61.54007181632918,73.45954656910868,82.42398093268879
13,Penelope,65.15688108608818,75.98947360410268,100.0
14,Fiona,59.29045845705314,82.90658984571516,62.433280941281716
15,Hazel,58.999285653416564,55.59834158163765,83.0274258777744
16,Freckles,75.62107207941102,62.67603292959061,35.369430223693115
17,Petal,69.97059865715532,65.42306268394093,100.0
18,Dottie,59.638044481057996,42.614348206290344,62.74886744314247
19,Pumpkin,61.219809288312184,76.40288748862599,71.28135316156802
20,Ruby,56.85380410048606,65.76691380763546,69.68823671458182
21,Willow,51.2895640678374,54.464659153492946,55.77480390178067
22,Clementine,69.38363447561177,68.86494232253932,54.39456457684616
23,Poppy,64.84153012685005,76.71122684263015,100.0
24,Jasmine,60.50379865366099,3.596868901887598,29.691852285351487
25,Lily,50.638874523181435,45.01120154826269,67.39631608750503
26,Bella,61.26572577594225,55.367725930698,31.330844031317223
27,Lucy,51.42443487776388,44.70035212388778,22.37862459932193
28,Charlotte,64.0737885770783,63.24747984578413,38.726241568837295
29,Stella,59.67328699566272,55.25990561931316,77.16827856008821
30,Sadie,61.170326141922224,60.56864567827985,14.678608600970101
31,Lola,58.704791102997646,38.37419479023608,33.427134761395976
32,Annie,59.50162143819692,94.18554946971716,22.738191203080763
33,Elsie,60.67838437468404,75.92663268810311,88.36175572652343
34,Millie,53.041311974963335,86.89714305020166,46.2008766368871
35,Pearl,59.27716619994019,38.575507367692225,34.254133574949975
36,Rosabelle,60.96298222188415,54.395099711707374,4.744572594701708
37,Winnie,49.155903982882926,63.34960677241673,1.3813068620934246
38,Beatrice,59.304325082345834,59.53418756601313,65.50010887472308
39,Phoebe,65.90132410184484,68.3774197439887,93.48674699317641
40,Violet,59.43010897838998,52.6423196445442,43.20772383101649
41,Maisie,65.48375497232203,82.8666920915317,74.70516656324033
42,Minnie,64.93739352105938,57.12918321494217,0.0
43,Olive,57.32393865212337,58.77758960766985,34.546375336127326
44,Georgia,61.98320002426405,64.37751070440552,100.0
45,Delilah,56.48665010475287,64.52993204978162,59.887233108014826
46,Honey,59.190352091533335,58.83659084295842,5.477288364812608
47,Marigold,66.89233543535465,41.794538303912994,67.40833981388917
48,Delia,67.7524081222518,66.72393905796596,13.824862151210986
49,Juniper,46.41428886919078,70.9333161464232,39.341617018442115
50,Martha,69.34905293063429,76.16749498700932,28.50151088703295
51,Greta,59.49357561114292,30.773728390400397,100.0
52,Tulip,63.253854676495884,80.91607067874291,2.009997239864056
53,Daphne,58.78705501107505,42.8441438453023,58.52341324317557
54,Fern,59.97057838698413,59.77722098023567,24.9690887382335
55,Opal,59.957389978484116,63.81244740519054,68.90968519657295
56,Betty,69.79299746098306,68.75135640628328,18.78572691868777
57,Daisy Mae,57.28206619299817,71.53167282152403,58.528285781907265
58,Coco,60.88553232807249,87.46258324098346,61.67644245765291
59,Eleanor,61.25261483436947,53.881672792439446,83.88839997417709
60,Nellie,59.46133152835814,47.52218498083282,24.917832326585515
61,Zelda,47.11244750262225,90.89945074627352,47.11504523133881
62,Rosie Mae,58.33524280341981,38.003993291940255,72.02024036451519
63,Gertie,68.42080741464137,41.627115879347556,0.0
64,Flora,63.301766292419956,69.88558927060197,100.0
65,Gemma,64.38094964027944,42.6999393680687,41.358168167645324
66,Ada,59.2682493112731,60.25948551363247,26.47595633654711
67,Harriet,58.08758077413274,35.3413887837402,23.86478980938031
68,Mabel,39.52720640430956,87.74003432558548,28.639046178983996
69,Cora,63.432435819043576,67.478336690314,5.721675567880197
70,Ida,59.649836928836905,56.74595064375549,66.91992448956634
71,Esther,58.180626336381756,77.33115056225095,9.616408691364825
72,Nora,59.830159200160395,54.187344697313975,42.14626063965063
73,Hattie,49.73957259084025,71.9000407727862,23.95723373524257
74,Willa,58.902740103228766,70.66445709264046,52.45731274570316
75,Adelaide,75.30900550304736,42.10084471415149,34.52114947546283
76,Winifred,59.180379176510804,69.88888264385173,80.93631667739581
77,Louise,60.558388340727625,56.31593029363803,17.305774433071598
78,Agnes,59.12105216474965,65.00538609410307,55.47399935075492
79,Bonnie,43.123423465609775,42.6599229493903,62.969411620993355
80,Edith,54.17450967365106,57.97304315620792,27.950803222197695
81,Imogene,58.02543571082579,45.80209022162071,16.87390728369757
82,Josephine,60.830221173129914,38.91978477520843,42.954418352005376
83,Lavender,60.515191244794224,62.07256422166084,70.3181508235252
84,Martha May,59.34719173258911,43.47083580127649,62.1395140440342
85,Ruth,59.323981854301266,51.42394038657311,41.67141222258546
86,Sylvia,58.38069530921594,53.237192230838154,43.49961150814799
87,Tilly,59.85695680440083,41.57045996374879,64.75540038248161
88,Tabitha,61.002038210921434,60.97001095649186,100.0
89,Henrietta,59.48446223956594,68.60675240035681,5.369201067481448
90,Lorraine,61.27097828850776,52.1619065595124,33.94115951652263
91,Maeve,45.482757534904884,91.80166381513482,31.03826692613989
92,Prudence,59.78568096977389,86.37248405383687,16.964836003282628
93,Sally Mae,59.81920177910817,55.337443632921364,59.02006784161211
94,Dolly,57.12697853314008,75.53091870060139,27.76148907866112
95,Gladys,57.84797665024452,66.1490004115584,51.15944957964427
96,Harper,59.959645047583294,75.26328782791069,59.00737407126234
97,Harmony,60.13032544668972,54.4379275722322,25.832220196136294
98,Iris,45.55803318589436,88.7806771770353,18.20419794023262
99,Juno,61.06844439653187,80.80928730758106,61.29993186726804
100,Kitty,59.78118990580865,52.598360557442255,97.79374802628925
101,Lacey,59.99329242778056,48.34506847927757,85.37359925655221
102,Magnolia,60.92043067955086,64.82590570369494,7.921143474914004
103,Nancy,59.32310725355752,75.8943234793104,65.84583171002089
104,Ophelia,58.89781373159728,82.27418234381159,48.99375351443238
105,Patsy,54.50544062762257,95.2585823964299,62.523800388958875
106,Queenie,61.117239256569626,79.64451779406515,85.81188736729314
107,Ramona,61.755094933697634,73.27034311765114,82.56157666971049
108,Sable,61.29134022624939,53.830141728060404,24.028749779808063
109,Thea,54.10110023358175,48.039566918493186,86.53163508648117
110,Una,59.9543052099808,66.2839108776957,91.95578198280276
111,Veronica,59.6950213634515,61.22789620722075,49.66613801050426
112,Wendy,59.43593975387936,63.174641355079345,73.77893511511023
113,Xanthe,64.59358773075841,51.70936385253639,31.53581355452371
114,Yvette,67.83179760807396,48.134515317182824,100.0
115,Zara,60.286198378530806,42.624203924211564,34.535249441990814
116,Abigail,45.00760762717157,29.111259876327637,75.59046550149935
117,Brigitte,54.63702891927617,60.816203147359076,43.94085861133597
118,Camilla,62.48251291040307,38.723607163208506,71.23725420933042
119,Dinah,47.46237223275811,56.23770709812072,57.0831509441794
120,Eloise,43.805549799808716,67.83777448267571,57.777984981208206
121,Frances,55.43809690792078,62.185023439055904,44.3811902292643
122,Genevieve,44.977283593951974,66.71529392327899,54.014256856812516
123,Hannah,58.1067774856072,81.730376356389,31.42036942324798
124,Ingrid,60.73963047931663,45.48823849763378,100.0
125,Josephina,52.55870789408781,73.97203375289067,54.031203654485644
126,Katherine,64.06818212980798,52.24558122682755,21.868079816249026
127,Loretta,57.24261281897733,93.79956053727864,19.880901206900113
128,Miriam,59.794683122325374,59.45975326154107,39.740317769883426
129,Natalie,59.837755682774535,65.88568428099418,86.25910683365714
130,Odette,76.0551126306539,48.710957493063624,0.0
131,Penelope Mae,70.35592869032945,74.43242554615222,28.933718004613617
132,Quinn,64.25365533639848,92.17302835803626,84.23940177250341
133,Ramona Mae,62.462338952263416,71.27800813536525,47.22545831209767
134,Seraphina,58.262300050742176,45.45482415326479,37.460697623584096
135,Theodora,51.88194654489445,40.27564669013576,76.45981606398061
136,Ursula,59.240524366339905,56.27148247516417,62.54099039497112
137,Vivienne,59.48371984054085,63.70823912099774,40.71937867572966
138,Waverly,59.45410067387757,73.66782324783254,34.56253840356732
139,Xiomara,59.28080476911306,33.68443463939257,100.0
140,Yolanda,58.49977228122233,63.60391812489293,44.09717925472032
141,Zelda Mae,74.06282326038716,54.23956275253738,87.25394864866774
142,Aurora,58.937654130067166,60.65839537743021,67.13559405579488
143,Bianca,48.95803032024529,65.42328245942339,35.8259926911321
144,Calista,60.89725503799748,47.99641690378175,21.93261941696714
145,Diana,64.50867767172932,32.28233515530908,33.34190354647399
146,Evangeline,58.81303838106645,49.43780534826628,71.0477725744291
147,Faye,70.49678522090227,45.04111768799691,0.0
148,Gwendolyn,51.946513552103276,56.818897839429326,62.763865043904985
149,Helena,54.66863209605553,48.97413854939181,76.33973358237382
150,Isadora,60.14392744837124,49.75629746195594,66.69281074927311
151,Juliana,59.38739264630415,58.350719648269184,45.21506791974581
152,Kiera,60.254663349777005,80.18232554599156,35.937992469871375
153,Lillian,51.057684331850815,54.58276834314874,50.01521986989301
154,Miranda,45.7931978470347,38.24922195575749,68.74326646130689
155,Nova,58.95249039845029,52.751571418678544,74.75974166519512
156,Octavia,59.48463573083916,55.63317992289868,59.49820912662032
157,Primrose,60.15711348977871,48.80231132224483,45.059270258595305
158,Quincy,59.30608133851841,54.22311429505886,46.49556087716784
159,Rosalie,58.01706014570294,75.4381325324192,20.898935320976243
160,Serena,43.72332316785088,64.48564530848937,93.73423125138618
161,Tallulah,59.44831869143328,35.67668655212744,94.24673690282782
162,Uma,59.90651482584194,48.06788301033974,60.039566322031334
163,Valentina,77.98296147256298,71.1792611825721,29.40240527106997
164,Winona,47.86606196708552,50.23956631949455,39.50909855234608
165,Xena,52.249857518697,54.17260253366303,7.41370768225957
166,Yara,70.00692391197853,45.8258606052612,81.61806503634088
167,Zinnia,57.94216765012126,35.933499466298606,81.32026840070057
168,Athena,64.36563192468884,38.684908377090245,16.48477173283078
169,Brielle,83.83498198511316,74.9975916535687,3.385035494074316
170,Calliope,59.04524958681822,20.044960657232927,78.24874768844333
171,Dahlia,72.28266407264596,71.27676086545368,17.153754461222654
172,Elara,54.1084370801043,21.776535620257874,100.0
173,Felicity,60.508362201741065,59.50265377048072,40.98332148826616
174,Guinevere,59.1751713228475,48.677845961815414,69.81785447053346
175,Hermione,66.9001696304346,85.73980613274806,78.76899887271583
176,Isolde,60.86070151236458,63.70414167109704,14.754022763006404
177,Jocelyn,60.345763494409745,41.85471338239894,23.408351652743086
178,Kaia,59.7246032916271,70.56583911292694,46.41912251740441
179,Lavender Mae,70.38082059056474,80.3577344061586,88.81613331216437
180,Margo,53.67190324579176,34.13974200293304,24.31661590355249
181,Nia,59.20005286691799,72.96907860592167,32.014312373863035
182,Olympia,55.31535914595957,72.83761448778372,45.04129195627968
183,Persephone,59.6559925431079,79.26024577119594,22.215255503030715
184,Quenby,58.69612246387263,43.540161342747595,46.82625898569183
185,Rhiannon,55.74779239306814,61.52506240290065,67.23599450376925
186,Sabrina,61.694804873259066,45.31530024175474,56.16262735447586
187,Thalia,53.87725603354853,70.81613551299965,46.209972283928956
188,Ursula Mae,59.57812494869835,66.10193906952675,1.4169724317606054
189,Vera,64.83013389652427,46.69598864355883,51.05602499834644
190,Winter,62.6317983963608,65.91506848084511,14.924230035103953
191,Xanthe Mae,60.3436015819441,100,18.430176481509886
192,Yara Mae,58.25530245908032,43.8802145125345,41.17768050664687
193,Zora,59.83501205326673,83.45345610271106,17.72984118298581
194,Amara,53.03070751269065,54.0272643033516,73.80678807548284
195,Bellatrix,54.585047903611745,83.85077088835557,27.086028146669253
196,Cassiopeia,60.736582321680345,61.33933756607505,75.49006273806116
197,Daphne Mae,59.15646065820082,58.11546519667889,94.54234477676545
198,Eowyn,64.03304150181812,60.9002471445993,33.753344564485104
199,Fiona Mae,51.33049281911848,67.28427362622043,55.02620663829805
200,Galadriel,60.277076295827335,45.87354336160945,77.08276367147224
201,Hera,48.59114428235557,32.73657681158437,50.31917041608622
202,Ivy,57.83971743908795,49.59475699150737,72.30880662309471
203,Jade,69.66215610904315,50.917130681394625,51.06688287935686
204,Kira,66.9844244591443,78.8761424119629,47.03755901577599
205,Luna Mae,71.8424752314094,63.39497616775209,78.40569668770323
206,Maeve Mae,61.01632666615038,42.69085420704083,34.61049046781984
207,Nyx,68.91877736371879,64.89061572716508,19.03778479137982
208,Ondine,75.47715304146035,68.36734085564947,100.0
209,Pandora,60.39326299956032,85.19087638537732,59.45635231930545
210,Quintessa,59.99508673714924,48.89394716605729,70.05771480782352
211,Raven,60.77070285955311,53.75920438794594,0.0
212,Stella Mae,58.807253206412575,69.67907334072834,0.0
213,Tara,60.65809957668393,61.23136475280553,78.19061911754267
214,Ursa,56.52883474289003,62.139407000877114,9.93529163521034
215,Vesper,64.44152307338648,32.829970201210756,0.0
216,Willow Mae,54.619946128285534,39.952178521484974,0.0
217,Xena Mae,62.74802438555174,55.83551254418147,19.70146529511383
218,Yvaine,60.67754665680578,44.93026953804494,84.31000082936953
219,Zephyr,76.50405197684753,54.90738692244986,33.41197235602148
220,Amethyst,66.90216388107461,48.39936392580204,73.02536624280881
221,Belle,60.73876898749174,50.76090402636334,66.95338159083224
222,Celestia,34.03000300207342,62.63354089603598,67.47862863190866
223,Dahlia Mae,76.63718979069125,71.29177310251114,11.52322953465346
224,Elara Mae,61.05305773579577,87.6301927043447,69.60176582284927
225,Fern Mae,59.37118927041736,54.44668918839734,41.09097666912308
226,Gypsy,61.45617047862279,73.88329175613521,86.24318177382722
227,Holly Mae,79.46065502266408,41.25249399603488,38.376739168508
228,Iris Mae,59.35274369776088,30.582791056013775,64.18035659020902
229,Jasmine Mae,59.6945686922013,72.68327585494174,68.15093426404738
230,Kismet,60.92386379893991,52.72742105495191,99.06315715984539
231,Luna Belle,68.68713680860624,90.67072111266206,3.8812457744695905
232,Meadow,60.882643100582285,68.25023156909464,80.33564097704574
233,Nova Mae,68.44467350348812,66.88166130565604,0.0
234,Olive Mae,60.71690716478831,58.65285460918514,17.05893551177852
235,Petal Mae,55.23374343188841,64.95071819631319,50.59313505325972
236,Quartz,60.12762357806162,80.63259376190777,0.0
237,Raina,61.267472062430116,62.1685247621454,31.03886781510989
238,Star,46.016731557595755,72.45768434105585,43.74397359810099
239,Tulip Mae,62.51070691145499,82.13016494185922,88.50945447616668
240,Una Mae,62.3596323744742,58.29325764307016,0.0
241,Violet Mae,62.22670135094589,74.82675655080936,83.19078492969925
242,Willow Belle,60.856209784812634,80.34209831069201,18.83247961057288
243,Xanthe Belle,58.511281105368674,51.56823419156105,40.75104133755657
244,Yara Belle,60.31690534806284,55.899476318119504,21.309581602815385
245,Zara Mae,60.22213207144449,74.62436184039161,0.0
246,Amelia,59.791444492645695,41.78140614173131,51.064332055366144
247,Blossom,57.219463055348065,47.77303935810619,81.38329008170857
248,Cinnamon,65.43255166767216,37.640192451903886,0.0
249,Daisy Belle,58.986625972222534,73.43438698841449,51.477786259373474
250,Ember,50.79662403991729,72.21016734743196,73.96190964377153
251,Fawn,59.8420410574219,67.0813608596163,58.58965464723371
252,Ginger Mae,65.31297371541203,54.6342238586143,20.00415306278976
253,Harmony Mae,58.70037980461436,66.91845185057169,48.715729223308855
254,Ivy Mae,66.75027295566748,68.78476568739646,64.35836122310374
255,Juniper Mae,65.78198187632309,47.05842846353513,0.0
256,Kaleidoscope,42.66720407081863,52.829814935861364,59.20861935349502
257,Lavender Belle,60.094657062023124,76.83993454623212,15.618533889861986
258,Meadow Mae,59.86602098997502,46.55057514372554,46.29540999299665
259,Nala,41.151466868491,76.44571409538894,46.34167829929327
260,Olive Belle,60.22495132508725,36.618135818402955,15.485333211369912
261,Peaches,59.45230608052145,66.09157084611434,6.556204035016549
262,Quinn Mae,76.01286247714836,62.326093719773425,19.78591231230141
263,Raindrop,61.63290173790727,62.33644142227731,52.83656055695951
264,Starlight,39.172411701494106,78.15806618358081,60.33637488396256
265,Twilight,58.33407297161368,41.20041465112623,44.50802778887333
266,Unity,62.02603041451861,53.557798173485175,0.0
267,Violet Belle,59.43960612452026,74.9198312818854,83.52461069033635
268,Winnie Belle,57.32609479468376,92.36861864383344,33.88653112230915
269,Xena Belle,60.78457280333281,63.69300646811561,100.0
270,Yara Belle,62.99286561870013,62.78606853543725,46.96844052241869
271,Zara Belle,56.82507600362227,58.140117688258655,52.48133991718692
272,Amber,58.179043662873156,50.35226279286085,61.25863738923675
273,Bluebell,60.23369114790483,48.542059173767484,42.899831224959705
274,Cocoa,59.21498003557963,62.45470947516469,84.72801685475343
275,Daisy May,62.30606938745107,64.5848709670065,36.64221923821166
276,Echo,46.71510764688045,73.39725949339794,20.743299494994925
277,Fern Belle,59.704454373427865,82.40008553625276,21.493692509974903
278,Ginger Belle,70.15531810390677,82.57811580336552,76.94190767875007
279,Hazel Mae,59.75605955403208,59.10697127765075,69.46244013225625
280,Iris Belle,59.83843318252764,36.24330198448895,42.32588377270336
281,Jasmine Belle,60.5773758031204,42.240754216532565,99.43826208035486
282,Karma,65.05431967326413,58.63333405570244,32.60952815841711
283,Lily Belle,82.6766731755213,36.466104040940714,33.59568354204245
284,Maple,68.49198088291583,90.45054660516689,93.49596965419619
285,Nutmeg,60.8830622527676,55.612703775100634,38.82989067697795
286,Oreo,59.73276099487602,72.45685476691098,87.19711100544703
287,Pepper,62.24803528590296,68.62692482435706,28.306458343693116
288,Quinn Belle,60.59223218952481,49.069646554038655,3.147774877120497
289,Rainbow,60.00472782628203,74.71351471954621,63.07053977352753
290,Sunflower,58.70848596836034,91.18942467842771,25.575503882813127
291,Twinkle,70.35801161047631,76.49906852513445,100.0
292,Violet May,69.05138516565157,26.627313395539055,23.548194121686763
293,Whisper,59.35048791059745,39.04808381823168,80.85638045574863
294,Xena May,59.963574990855165,91.03130105884247,19.302116184787142
295,Yara May,55.927095987561124,42.913478675378926,82.50003901686537
296,Zara May,59.73044988187877,51.25817705167156,14.432529818277473
297,Angel,69.7600251437379,28.247801232608715,7.771587973016459
298,Bubbles,55.9604863609208,44.156296057656135,65.14729604646709
299,Coco Belle,67.4171247313498,60.723072373470835,0.0
300,Daisy Belle,59.6411686143947,54.640749664229745,100.0
301,Ember Belle,61.40481213469859,47.7329131688385,25.147697336230507
302,Flower,59.41490772758244,62.893303730695564,38.10144918003114
303,Grace,60.695316690572064,43.114694137309364,56.20330623245677
304,Hope,60.85629211330081,65.392201154533,38.6102430672202
305,Ivy Belle,58.7056425219522,38.324997675848024,84.29091128174394
306,Juno Belle,60.9272888789176,60.902317300944325,100.0
307,Kalea,80.91085960198714,39.60803141059032,21.822855938501707
308,Lily May,58.597791726076835,59.16158078859567,100.0
309,Misty,59.52850950557076,58.88927432644743,25.037989182272845
310,Nova Belle,60.68499013178641,79.22139009410627,73.69677834658361
311,Orchid,59.443981853233424,82.41915966455255,24.16235889112957
312,Pebbles,60.96451741557021,62.11255222201777,66.4355955105053
313,Queen,47.14787870394835,94.90519254362094,50.20795771193847
314,Rose,61.92054747226824,61.01689947934089,40.47138124964739
315,Sky,76.8799383536079,74.36621439691893,26.390064946713814
316,Trixie,56.19743146198515,64.63814549073987,61.59851206549226
317,Utopia,59.55074001826706,45.05794038031265,62.73102323906643
318,Violet Belle,60.12042119159969,56.23024310999936,17.390075351307573
319,Winnie May,59.33358855388296,65.82059698391328,56.841696987854235
320,Xena Belle,54.48928797960798,75.3183097207192,68.33565059190789
321,Yara Belle,44.46457239195806,53.760319183388035,59.61092524687037
322,Zara Belle,59.736526681098454,60.657211537190086,6.598876689954899
323,Apple,58.484947663560824,66.65876991171979,18.92668971664962
324,Buttercup Belle,59.60325197214978,41.02425591194316,49.300251287929015
325,Cinnamon Belle,60.68353836526586,75.47900885300709,42.662839940714186
326,Daisy Belle,61.28068358928343,67.47530448785103,71.16582932709801
327,Ember Belle,56.93176816889775,58.661598171146615,71.9302137439784
328,Faith,61.1037471794947,33.9057304001631,66.22478681736968
329,Gloria,60.03926828719228,51.38133188443769,80.04798167201045
330,Heaven,58.86716231050833,76.79801548633341,65.36485530721502
331,Ivy Belle,61.78796329979373,68.33213300217201,87.07919241392312
332,Joy,59.70085833683117,35.230458541681706,11.614157629266245
333,Karma Belle,52.388194127227244,50.62171208997213,54.434099157928024
334,Lily Belle,52.3147586905262,55.104920650407614,22.843629417852917
335,Meadow Belle,60.8675070562205,55.864873935208806,19.47523582724499
336,Nala Belle,56.64099222116015,60.331566541573295,49.966403303121105
337,Ocean,59.807395074826346,54.39674212998519,32.075803377257884
338,Peaches Belle,59.27618082184977,51.87492989866612,45.95590135962522
339,Quinn Belle,59.04423880707098,80.0347914752169,58.3443966010704
340,Ruby Belle,59.82579912945634,28.518183424418105,54.72755380525175
341,Sapphire,65.82889099033348,53.66917962777094,100.0
342,Tigerlily,60.287347928734356,42.99680667274858,18.878101698181
343,Unity Belle,60.34286761689908,53.624986781093206,15.36187343500719
344,Violet Belle,60.32024251099252,26.59699916749748,24.486632464815237
345,Willow May,49.93074446193149,63.270945983975196,34.83927764157668
346,Xena Belle,65.09106905809067,53.169969257306605,91.85173592469657
347,Yara May,66.58678269231,92.5411168566743,32.07053580691137
348,Zara May,62.22406857824843,84.2985368070129,55.771206651915946
349,April,60.24527771427853,66.00068934557447,32.71759918431782
350,Bella Belle,67.8504866443487,85.00702168043199,76.7772766172232
351,Candy,67.76878285553789,62.73702996655409,74.42555645829133
352,Daisy Mae,58.976936930911066,67.67193439278253,52.75976059746103
353,Ember Mae,60.74003500480665,61.474453569329924,100.0
354,Felicity Belle,44.4601771928192,52.194910347296144,55.41818738776739
355,Giselle,65.77946782843956,51.521725558179064,0.0
356,Heidi,61.20059221973329,42.32502400001536,0.6766694672996536
357,Isabelle,59.58330766438511,66.87936800350357,67.62296658551571
358,Jasmine May,61.483237315280455,85.9981742008151,4.255439917767674
359,Kara,61.60754675432961,58.62190531335544,100.0
360,Lavender Belle,79.42530614409961,69.33687138238076,100.0
361,Mia,57.323902051340106,66.23118591496936,36.48849661155864
362,Nora Belle,58.46126387453364,76.3186664609442,40.498148130339096
363,Olivia,60.00110402007206,56.05912502942163,87.82839956076917
364,Paisley,58.85987081381993,67.26653095545964,33.806393195396375
365,Quinn Belle,60.676429503277724,59.98572459479011,3.791541369162779
366,Rosalie Belle,71.28978746326096,36.11016129593787,93.41409512175214
367,Samantha,59.766968991441765,72.50129926436112,25.95943300139085
368,Tilly Belle,55.750575699800756,57.06143958931801,40.158636494605034
369,Uma Belle,61.39237245757877,68.63809494525566,72.5910935693526
370,Violet Belle,62.34609585523227,54.81036428776198,25.342202352669247
371,Willa Belle,63.76937320145683,56.50960900635889,41.55773205838507
372,Xena May,46.228939187129306,48.628164955740964,73.37820915990186
373,Yara Belle,66.91850822477946,51.19155210765483,0.0
374,Zara Belle,59.09571147087412,70.15353241950703,78.53555805338056
375,Acorn,59.980708716840965,52.71806077978608,36.53211232538775
376,Bella May,42.00662863849754,50.288500713987766,47.799958689618705
377,Caramel,88.70256012690942,66.54129411408022,25.05239339858086
378,Daisy Belle,62.97891013800594,84.19230953563168,80.42382997193312
379,Ember Belle,48.2888240429483,78.78397547384424,24.639262701125016
380,Fern May,61.95394925451039,40.858295177480045,59.45129867788923
381,Grace Belle,64.82530364491623,56.26975687167324,46.46916687817712
382,Heather,58.589847659245144,77.34730955869588,62.12512525672577
383,Ivy May,62.88143849900826,73.61340576707627,74.00557285283818
384,Jasmine Belle,56.88753323004415,51.08584816609652,50.625622569234515
385,Katie,57.437293108466555,70.33482455629598,44.741786867929505
386,Lavender May,58.27417311630163,37.34990198563851,100.0
387,Mila,58.261098920776014,95.32551653351398,25.74279224472561
388,Nutmeg Belle,60.13846956556425,75.23609811466059,22.95690277417993
389,Olive May,47.14685596802569,49.003392174620984,29.567240893017406
390,Peaches May,60.87482999139787,51.78554312771412,29.520965294895742
391,Quinn Belle,60.235346591155334,28.987323367191657,59.549453918712565
392,Rosalie May,62.81622287487809,57.49322783707663,100.0
393,Scarlett,74.35629759645946,43.53719565067592,8.844825410406465
394,Tulip Belle,60.09258543948748,29.21669245084499,46.99644908153687
395,Ursula Belle,57.0256382129104,60.979792882903865,71.41447896866025
396,Violet Belle,61.235190516173496,36.61053634956248,35.171432034743646
397,Willow Belle,52.77512771912601,42.37951153871202,11.607689919523786
398,Xena Belle,59.40306035262887,57.32467273285798,51.80758664108431
399,Yara May,62.92531546828174,72.84788738608074,13.82461071959603
400,Zara Belle,53.961013182991294,54.84790921226568,53.10304243145749
401,Aria,61.29799328971835,65.39726956715569,29.97545317023558
402,Bella Belle,76.12494178379512,46.19284130353165,19.48989101302382
403,Cassie,59.64394430790769,25.072775810094463,48.735372461738535
404,Daisy Mae,60.93117413796843,86.07227512593138,80.82726400095856
405,Ember Mae,59.89273749125895,30.026675176971956,19.147446298770948
406,Fiona Belle,68.5576150636262,68.82198182718065,43.529214416016046
407,Gloria Belle,67.02571611608994,44.09113058509457,4.960921172618185
408,Heaven Belle,60.90263701581621,46.728111018513985,27.277996043903663
409,Isabella,58.68600082291264,70.21846127880771,61.68529227270035
410,Jasmine May,59.306385553710086,53.33100574614391,77.78206115219615
411,Kitty Belle,61.25630368037256,45.78709801849113,86.31479617908425
412,Lavender Belle,59.671097066945805,42.18257795176406,69.6838186607624
413,Misty Belle,59.15439748514282,70.57321675955596,43.444412548880564
414,Nala Belle,59.921081513890336,33.14314451765304,56.127973476320406
415,Olive Belle,63.92128328018624,53.52393135422417,0.0
416,Pansy,60.102948777194854,99.22270113069759,48.14920359261788
417,Quinn Belle,60.400199293256634,50.84567912436814,40.83631528008176
418,Rosalie Belle,61.071255365359576,95.4988557184189,59.39709289252882
419,Sienna,60.444290973130855,52.68432908641043,0.0
420,Tulip May,55.28680935159655,71.6824133558201,43.43426081930175
