1,Mooey,58.08580880880294,47.75627712975887,62.90021199141762
2,Daisy,60.201109351618584,98.54557936775353,13.52894977654524
3,Buttercup,59.40001368216875,43.33242478156735,84.99274923222447
4,Bessie,56.8628435548235,42.53971113463432,65.83556781226909
5,Clarabelle,56.811268801576226,28.814601825881162,55.48211686657087
6,Clover,60.25507779459088,95.3837817612682,51.86477637845585
7,Holly,59.7421638780139,47.08391334373318,25.805711651208018
8,Rosie,60.09582408416869,54.506346523978266,60.83725175609225
9,Luna,57.78032400003066,29.748522348131495,0.0
10,Molly,60.77830002852889,34.17531770588992,8.581105505706333
11,Ginger,59.66986790695329,56.055576214285,10.766411349424544
12,Matilda,64.03697193958722,96.00883973980729,82.42398093268879
13,Penelope,63.398521537228845,64.04386900518,100.0
14,Fiona,62.739238214231904,96.05235951284119,62.433280941281716
15,Hazel,62.36026704044242,97.18293845041107,83.0274258777744
16,Freckles,61.58372565576732,42.76405288622839,35.369430223693115
17,Petal,64.97118948563465,69.35045472408619,100.0
18,Dottie,58.26397269719537,63.665030484104534,62.74886744314247
19,Pumpkin,59.18851144095605,46.567369567417785,71.28135316156802
20,Ruby,58.47758494303588,46.15524142140062,69.68823671458182
21,Willow,54.91579221125932,49.17078709658779,55.77480390178067
22,Clementine,60.80917657339372,25.155683583461006,54.39456457684616
23,Poppy,72.18709088947463,77.73287454177967,100.0
24,Jasmine,60.678560545748304,8.200704584299743,29.691852285351487
25,Lily,55.76785477140483,53.675026736914546,67.39631608750503
26,Bella,60.32028058517493,34.23955098703594,31.330844031317223
27,Lucy,59.99698073799744,62.5056750441114,22.37862459932193
28,Charlotte,57.9528471638102,88.07150804122107,38.726241568837295
29,Stella,59.3806660105211,21.310687277846288,77.16827856008821
30,Sadie,60.74036220569247,62.26640997878227,14.678608600970101
31,Lola,60.09242807251171,17.12795716491619,33.427134761395976
32,Annie,60.01933122725889,57.23583563614232,22.738191203080763
33,Elsie,60.40923145616578,54.374224873206906,88.36175572652343
34,Millie,58.835595183126166,78.16113887546067,46.2008766368871
35,Pearl,59.39781586642998,72.75217335041096,34.254133574949975
36,Rosabelle,59.01039256129584,90.09293793300687,4.744572594701708
37,Winnie,61.27462243158835,96.41678500461599,1.3813068620934246
38,Beatrice,59.09522730195091,49.460100551739444,65.50010887472308
39,Phoebe,68.02766097671125,64.23237244306054,93.48674699317641
40,Violet,59.46739600821461,78.75663426209563,43.20772383101649
41,Maisie,62.16677816697459,71.86936882075983,74.70516656324033
42,Minnie,60.45631660380193,87.13625034755088,0.0
43,Olive,61.04270960263143,35.26151764132909,34.546375336127326
44,Georgia,63.00947949898153,85.72268269071448,100.0
45,Delilah,61.22922666721133,5.008961848526963,59.887233108014826
46,Honey,60.22766439568676,56.227141911843994,5.477288364812608
47,Marigold,57.391318172483246,50.08070748065576,67.40833981388917
48,Delia,60.28401640901734,81.35453824879394,13.824862151210986
49,Juniper,56.90367477822304,47.23187552449789,39.341617018442115
50,Martha,55.92104585535016,81.83284859123691,28.50151088703295
51,Greta,58.29326081705643,39.311694847056614,100.0
52,Tulip,60.082626006973136,90.80220176226729,2.009997239864056
53,Daphne,60.034575281840304,31.189145590371545,58.52341324317557
54,Fern,59.29923541274596,80.05356213806088,24.9690887382335
55,Opal,63.06518127231847,86.91223163839015,68.90968519657295
56,Betty,59.86486613674772,67.12093374253534,18.78572691868777
57,Daisy Mae,60.39785690605682,93.81119590299187,58.528285781907265
58,Coco,59.72973956634014,66.19371578667638,61.67644245765291
59,Eleanor,59.78300227450658,91.98313637928528,83.88839997417709
60,Nellie,60.02567965264884,100,24.917832326585515
61,Zelda,55.57248034830134,86.26177339044033,47.11504523133881
62,Rosie Mae,58.814754932948766,33.98026397995806,72.02024036451519
63,Gertie,59.34154105598856,30.64606869991306,0.0
64,Flora,73.17362606247666,76.14339925635495,100.0
65,Gemma,59.5582912491099,52.10165520563564,41.358168167645324
66,Ada,60.1386023029505,56.21516889273303,26.47595633654711
67,Harriet,59.74950673768866,59.24314784162324,23.86478980938031
68,Mabel,51.62837916317688,41.557066818360504,28.639046178983996
69,Cora,60.52923642993662,54.88104930302609,5.721675567880197
70,Ida,59.968810352451506,63.59730909067275,66.91992448956634
71,Esther,59.765381995659396,81.7139675417415,9.616408691364825
72,Nora,57.73790616025623,55.54343858389822,42.14626063965063
73,Hattie,59.759388016787604,59.981021121512455,23.95723373524257
74,Willa,60.786098618168566,76.29940081497591,52.45731274570316
75,Adelaide,66.78669650923618,21.659029715967783,34.52114947546283
76,Winifred,60.34112455133902,50.315808021054735,80.93631667739581
77,Louise,60.95762143964059,30.224482909056494,17.305774433071598
78,Agnes,59.36937803834257,35.95461250166087,55.47399935075492
79,Bonnie,50.528702689058626,27.728115372193873,62.969411620993355
80,Edith,60.05713200402273,37.042318044308566,27.950803222197695
81,Imogene,59.882251353694514,55.597621720196855,16.87390728369757
82,Josephine,60.34712980559628,33.27104995898193,42.954418352005376
83,Lavender,61.08645833330674,73.96502703540332,70.3181508235252
84,Martha May,60.06789442070929,38.02105326523539,62.1395140440342
85,Ruth,59.5555820265653,40.8140023909516,41.67141222258546
86,Sylvia,60.86628876213229,24.90549711037565,43.49961150814799
87,Tilly,59.54501579596977,78.47405134072234,64.75540038248161
88,Tabitha,61.00804776503957,42.93678607080219,100.0
89,Henrietta,60.44581750648224,74.58759838433028,5.369201067481448
90,Lorraine,60.80340557712932,37.42018562464176,33.94115951652263
91,Maeve,45.02631897346501,100,31.03826692613989
92,Prudence,59.491058254274265,79.45647063779204,16.964836003282628
93,Sally Mae,59.973328366609145,43.837583728005335,59.02006784161211
94,Dolly,59.432658257925766,96.56344897250742,27.76148907866112
95,Gladys,60.10725598035183,26.63623756299096,51.15944957964427
96,Harper,58.143109377893076,65.63756537001484,59.00737407126234
97,Harmony,60.05703363997272,58.1481293619842,25.832220196136294
98,Iris,49.898741625856054,95.79646743117367,18.20419794023262
99,Juno,58.75656437962771,57.24518247473675,61.29993186726804
100,Kitty,63.66456807891611,71.87544671626785,97.79374802628925
101,Lacey,59.6510000110908,49.43002359780336,85.37359925655221
102,Magnolia,59.80963416825495,57.94313006633442,7.921143474914004
103,Nancy,60.21739772286511,25.355608665022938,65.84583171002089
104,Ophelia,59.35984324321558,84.65421690603519,48.99375351443238
105,Patsy,61.588436241808814,96.68985147329067,62.523800388958875
106,Queenie,65.70060538633764,95.99788162279144,85.81188736729314
107,Ramona,59.474692067894345,24.526523389876814,82.56157666971049
108,Sable,59.32215747368964,62.458652140414706,24.028749779808063
109,Thea,59.28307588875181,25.62695338119554,86.53163508648117
110,Una,60.80621257408139,60.33702906098105,91.95578198280276
111,Veronica,60.57814724254651,98.0666868601924,49.66613801050426
112,Wendy,58.4451665613643,45.288778273647026,73.77893511511023
113,Xanthe,60.32595883738503,63.83400532351488,31.53581355452371
114,Yvette,67.44055929313012,91.19884408624667,100.0
115,Zara,60.18723569022079,50.73188425883184,34.535249441990814
116,Abigail,53.21997793840015,72.80937176589644,75.59046550149935
117,Brigitte,60.818206246601065,85.76704613512054,43.94085861133597
118,Camilla,60.06406377469334,25.967609486914576,71.23725420933042
119,Dinah,51.634305882823334,46.148279319722924,57.0831509441794
120,Eloise,55.54813148305624,71.9133377136164,57.777984981208206
121,Frances,60.15074684437759,78.9955667936406,44.3811902292643
122,Genevieve,57.14792175635012,18.35223566645329,54.014256856812516
123,Hannah,60.74631555664722,59.367186945081656,31.42036942324798
124,Ingrid,60.26270331705225,40.87283910175086,100.0
125,Josephina,50.78280752211463,49.14976599400701,54.031203654485644
126,Katherine,60.79992133676802,20.085073090478446,21.868079816249026
127,Loretta,60.05716646782224,73.80030906971463,19.880901206900113
128,Miriam,54.382138029783455,83.13789281403734,39.740317769883426
129,Natalie,61.48817529671905,75.37541442811711,86.25910683365714
130,Odette,68.77371674701828,44.43239856474787,0.0
131,Penelope Mae,59.89980913615576,100,28.933718004613617
132,Quinn,68.3109962689796,98.23842175452258,84.23940177250341
133,Ramona Mae,59.52005661778592,77.99684574781678,47.22545831209767
134,Seraphina,61.86115336455561,33.64761256388059,37.460697623584096
135,Theodora,52.05162907410146,25.25350168390534,76.45981606398061
136,Ursula,58.63584080042095,66.39742391025189,62.54099039497112
137,Vivienne,59.982160325982306,41.456844200969954,40.71937867572966
138,Waverly,60.19283451385576,80.16842517588675,34.56253840356732
139,Xiomara,60.88085617772903,22.660886090088994,100.0
140,Yolanda,59.78376769696804,57.76245257883845,44.09717925472032
141,Zelda Mae,69.67183206659821,90.06562760928895,87.25394864866774
142,Aurora,56.672671601873894,48.378005733741965,67.13559405579488
143,Bianca,52.22593536724687,68.35255307311658,35.8259926911321
144,Calista,59.56004280535607,42.12200870497746,21.93261941696714
145,Diana,61.358654409196234,26.892818314906318,33.34190354647399
146,Evangeline,61.270788975391326,73.20107930808838,71.0477725744291
147,Faye,67.47864380954364,42.44761613323938,0.0
148,Gwendolyn,59.53041084271755,65.01078332246745,62.763865043904985
149,Helena,59.64832301270709,27.636132627095922,76.33973358237382
150,Isadora,61.23852485604706,29.484354735520885,66.69281074927311
151,Juliana,59.954048494323885,80.72036760327026,45.21506791974581
152,Kiera,59.58782639496007,87.40452637727397,35.937992469871375
153,Lillian,57.679038124278165,77.68834753973995,50.01521986989301
154,Miranda,60.438440854745444,21.99568984263542,68.74326646130689
155,Nova,60.90273655333127,78.7558493849003,74.75974166519512
156,Octavia,57.26792212063119,47.49669812122755,59.49820912662032
157,Primrose,59.45352817965138,88.93139374403368,45.059270258595305
158,Quincy,59.759300467499955,45.43645663774751,46.49556087716784
159,Rosalie,60.60355658254634,63.88799789855294,20.898935320976243
160,Serena,60.372160834499816,38.65008448815338,93.73423125138618
161,Tallulah,61.351124185658385,65.14785936467007,94.24673690282782
162,Uma,56.64479735293226,63.07852154458507,60.039566322031334
163,Valentina,63.873143301461084,69.85608651596792,29.40240527106997
164,Winona,54.30558249876772,47.985292806449635,39.50909855234608
165,Xena,64.86958037696677,9.126594906704343,7.41370768225957
166,Yara,59.158950049566236,48.82077262206268,81.61806503634088
167,Zinnia,59.45897450428705,57.85349109816742,81.32026840070057
168,Athena,59.3833510737163,19.56206610045006,16.48477173283078
169,Brielle,77.91405829560631,57.67816401326842,3.385035494074316
170,Calliope,60.29681957538475,69.09644423351605,78.24874768844333
171,Dahlia,61.156180660539924,84.81012322074352,17.153754461222654
172,Elara,56.34254423367351,2.231652883104087,100.0
173,Felicity,59.87615906513559,56.72892056237056,40.98332148826616
174,Guinevere,60.50050507936473,47.05029912121091,69.81785447053346
175,Hermione,59.174764960519184,58.36018379757417,78.76899887271583
176,Isolde,59.99444816288337,42.48419723119419,14.754022763006404
177,Jocelyn,60.575468413231086,24.81771101329712,23.408351652743086
178,Kaia,60.36784234984858,54.58083856912681,46.41912251740441
179,Lavender Mae,59.99329980265051,81.29871743939722,88.81613331216437
180,Margo,62.84929794481577,0,24.31661590355249
181,Nia,57.9540379920286,68.7372696554695,32.014312373863035
182,Olympia,61.755570491721144,95.9553942128563,45.04129195627968
183,Persephone,58.18280377540906,78.63423292524683,22.215255503030715
184,Quenby,60.15063389429564,21.458258862332805,46.82625898569183
185,Rhiannon,61.574052450978435,68.63350594300368,67.23599450376925
186,Sabrina,59.01581205162555,41.6665015972291,56.16262735447586
187,Thalia,59.607282116483766,31.90620222026238,46.209972283928956
188,Ursula Mae,61.431614183049795,72.614928989608,1.4169724317606054
189,Vera,59.389182996335705,54.40581098397495,51.05602499834644
190,Winter,60.52747006205138,49.27308905961974,14.924230035103953
191,Xanthe Mae,60.556908657050954,82.95374231109832,18.430176481509886
192,Yara Mae,60.21377347881684,22.77936581748559,41.17768050664687
193,Zora,58.10605472102856,89.14543785499556,17.72984118298581
194,Amara,55.97222830660294,33.26999246334546,73.80678807548284
195,Bellatrix,59.65218329891328,86.39807477745829,27.086028146669253
196,Cassiopeia,58.984075534455684,55.931354930645725,75.49006273806116
197,Daphne Mae,62.66873705850633,48.05117892461712,94.54234477676545
198,Eowyn,58.90649672049047,69.99011476397405,33.753344564485104
199,Fiona Mae,60.012383772144396,96.64507780928324,55.02620663829805
200,Galadriel,60.168832242441496,17.289376636491248,77.08276367147224
201,Hera,60.478860499529574,30.480746975950556,50.31917041608622
202,Ivy,59.43757318016621,45.16870271036135,72.30880662309471
203,Jade,60.41340094364756,55.508317248269776,51.06688287935686
204,Kira,59.10928284341366,62.980304261185765,47.03755901577599
205,Luna Mae,59.60758998963265,42.31105490512293,78.40569668770323
206,Maeve Mae,60.61803942347749,16.323327204978668,34.61049046781984
207,Nyx,59.02974249140727,75.37912463327942,19.03778479137982
208,Ondine,74.10517838635997,97.70815041240668,100.0
209,Pandora,60.15289162624266,100,59.45635231930545
210,Quintessa,61.40655472400227,67.96259923930758,70.05771480782352
211,Raven,61.968024306599396,37.769413217747015,0.0
212,Stella Mae,60.7618164297911,71.07795347389448,0.0
213,Tara,60.792061156164166,21.267933242450727,78.19061911754267
214,Ursa,60.346515862855306,54.55112822706617,9.93529163521034
215,Vesper,61.25492838577481,58.319044586774965,0.0
216,Willow Mae,60.74502497431023,44.78947280126722,0.0
217,Xena Mae,60.840709366876176,50.70587214954855,19.70146529511383
218,Yvaine,60.865307776156506,16.24717643906352,84.31000082936953
219,Zephyr,59.913261411231964,54.84279637120962,33.41197235602148
220,Amethyst,58.87356958825295,27.10414936399083,73.02536624280881
221,Belle,59.87628629686289,69.79532157573036,66.95338159083224
222,Celestia,61.24665629423919,82.37667850346068,67.47862863190866
223,Dahlia Mae,64.32374779878565,53.82943850512379,11.52322953465346
224,Elara Mae,68.82836818541384,99.20249749806963,69.60176582284927
225,Fern Mae,59.78776462835406,60.16912732429761,41.09097666912308
226,Gypsy,65.14780368278406,89.01478496534492,86.24318177382722
227,Holly Mae,67.6168188397153,43.32350391779595,38.376739168508
228,Iris Mae,59.64948564247861,61.75401501368727,64.18035659020902
229,Jasmine Mae,59.572123319776324,59.788935275645755,68.15093426404738
230,Kismet,68.36613408217261,81.05902453412968,99.06315715984539
231,Luna Belle,60.68796642203584,60.7631908771877,3.8812457744695905
232,Meadow,60.95262619178987,72.02382210986798,80.33564097704574
233,Nova Mae,60.56501554768801,80.5333813545528,0.0
234,Olive Mae,60.65744741689545,69.61507200691398,17.05893551177852
235,Petal Mae,57.95360361881895,74.28715828326627,50.59313505325972
236,Quartz,59.26611623093059,82.1182620863858,0.0
237,Raina,60.020706150426086,49.96382715367168,31.03886781510989
238,Star,48.053004213265666,39.93067286077893,43.74397359810099
239,Tulip Mae,65.36975708658461,95.22699039948932,88.50945447616668
240,Una Mae,59.55187059738478,79.97357580303263,0.0
241,Violet Mae,61.691463240234526,97.19145087102012,83.19078492969925
242,Willow Belle,59.65395180989442,73.20241235520133,18.83247961057288
243,Xanthe Belle,59.88931390177942,31.46771855754322,40.75104133755657
244,Yara Belle,61.26989710167523,55.32772780128705,21.309581602815385
245,Zara Mae,59.90658959350275,74.18847287594926,0.0
246,Amelia,57.78658683364212,60.01409762317322,51.064332055366144
247,Blossom,61.43633612818027,88.85835277462583,81.38329008170857
248,Cinnamon,65.28323866631484,65.64740586131724,0.0
249,Daisy Belle,59.40759497484622,63.50109651651969,51.477786259373474
250,Ember,59.60057943297863,67.07259075475118,73.96190964377153
251,Fawn,59.48526529784615,79.72936631833662,58.58965464723371
252,Ginger Mae,60.11664845369333,40.32664756023662,20.00415306278976
253,Harmony Mae,60.30073539924396,96.80862058133364,48.715729223308855
254,Ivy Mae,60.60871289467295,41.238424789427405,64.35836122310374
255,Juniper Mae,63.84022901352418,12.83301344519828,0.0
256,Kaleidoscope,53.94189973913204,74.71588215871552,59.20861935349502
257,Lavender Belle,59.76893132246555,74.09365943123915,15.618533889861986
258,Meadow Mae,60.57630344564258,59.99799344306902,46.29540999299665
259,Nala,47.74597674489417,79.92083174292482,46.34167829929327
260,Olive Belle,60.09417161046666,44.00803812442839,15.485333211369912
261,Peaches,60.84004941823803,31.06130064716551,6.556204035016549
262,Quinn Mae,61.789480217191645,60.60845783060627,19.78591231230141
263,Raindrop,58.67852352503465,62.095122977066126,52.83656055695951
264,Starlight,61.4720067987907,98.59067439267037,60.33637488396256
265,Twilight,60.545396603454485,43.94025389455656,44.50802778887333
266,Unity,63.11347374498983,9.973284854842642,0.0
267,Violet Belle,66.76320251173057,95.89569316971928,83.52461069033635
268,Winnie Belle,55.68830226827579,86.72382787751377,33.88653112230915
269,Xena Belle,59.86336502628366,49.08119170481155,100.0
270,Yara Belle,58.30793791102987,87.45491209901502,46.96844052241869
271,Zara Belle,58.76642464687562,53.08850692991812,52.48133991718692
272,Amber,58.24753002280188,69.54996618491194,61.25863738923675
273,Bluebell,59.287910641362515,42.38500288841937,42.899831224959705
274,Cocoa,60.75496801621631,70.87874048504732,84.72801685475343
275,Daisy May,58.80359607055103,33.23900269473458,36.64221923821166
276,Echo,51.93474787387671,69.95205506441964,20.743299494994925
277,Fern Belle,59.20395033586958,89.89006793780948,21.493692509974903
278,Ginger Belle,69.66015234632455,90.52901423467685,76.94190767875007
279,Hazel Mae,59.32644527628959,48.7767409695815,69.46244013225625
280,Iris Belle,58.57175787454029,69.08248184738106,42.32588377270336
281,Jasmine Belle,59.305755563689274,27.987812308179027,99.43826208035486
282,Karma,59.928656011557685,76.33550593703767,32.60952815841711
283,Lily Belle,73.81928430640757,33.168474852305316,33.59568354204245
284,Maple,75.82114043164952,100,93.49596965419619
285,Nutmeg,61.21536170395662,29.40315680230334,38.82989067697795
286,Oreo,59.33986366022156,47.61183118750023,87.19711100544703
287,Pepper,60.01761005934232,81.30005553111769,28.306458343693116
288,Quinn Belle,60.95625685448407,47.37115910965127,3.147774877120497
289,Rainbow,61.13991286945071,82.11145567060785,63.07053977352753
290,Sunflower,60.26060751272886,86.25292500721328,25.575503882813127
291,Twinkle,71.90724175070567,69.77291517024723,100.0
292,Violet May,62.11739864444306,41.85208603613637,23.548194121686763
293,Whisper,58.75342595787115,38.57245896194963,80.85638045574863
294,Xena May,59.04900506883235,91.83272181636148,19.302116184787142
295,Yara May,57.361644641553696,39.43430361879323,82.50003901686537
296,Zara May,60.998893182330455,27.4114088262263,14.432529818277473
297,Angel,63.539314194104286,17.86659303261211,7.771587973016459
298,Bubbles,59.85202312926459,22.08091210094915,65.14729604646709
299,Coco Belle,61.34154000484836,43.505951957553286,0.0
300,Daisy Belle,61.19400037835348,45.6845345724139,100.0
301,Ember Belle,58.94778487039566,66.61278367262716,25.147697336230507
302,Flower,60.592054817247295,43.43902395439811,38.10144918003114
303,Grace,58.89268792259249,42.46871491375622,56.20330623245677
304,Hope,59.42164747942348,76.21799293798841,38.6102430672202
305,Ivy Belle,61.002897760347,49.358255123525055,84.29091128174394
306,Juno Belle,68.30517833844131,92.92697545799314,100.0
307,Kalea,74.5035871634122,28.530794285254448,21.822855938501707
308,Lily May,72.43014591328429,92.83926380973782,100.0
309,Misty,61.3890615504239,44.145726883723796,25.037989182272845
310,Nova Belle,65.64182518551993,88.11918973788,73.69677834658361
311,Orchid,59.17240863845708,50.439213591913855,24.16235889112957
312,Pebbles,59.84637429164467,57.94038316026372,66.4355955105053
313,Queen,58.50753604461025,78.91177651365443,50.20795771193847
314,Rose,59.16870105051238,87.18416213907373,40.47138124964739
315,Sky,60.17835404200492,77.67180484034107,26.390064946713814
316,Trixie,60.47711370574694,88.18015262970653,61.59851206549226
317,Utopia,59.04117076915038,44.65851196255139,62.73102323906643
318,Violet Belle,57.91476755416383,69.91197413336846,17.390075351307573
319,Winnie May,61.978675693429196,89.65105078178455,56.841696987854235
320,Xena Belle,59.84495910917208,49.24683342166105,68.33565059190789
321,Yara Belle,50.35617166661261,66.35703235564003,59.61092524687037
322,Zara Belle,61.09975220396408,39.800473430409774,6.598876689954899
323,Apple,60.52491585185066,86.953785356721,18.92668971664962
324,Buttercup Belle,60.07284082019952,31.74254109098867,49.300251287929015
325,Cinnamon Belle,58.36787817313965,83.58943777124837,42.662839940714186
326,Daisy Belle,60.08957817383936,79.54739283954567,71.16582932709801
327,Ember Belle,59.02810513557578,69.57216922879576,71.9302137439784
328,Faith,58.7227479693073,42.595690308355785,66.22478681736968
329,Gloria,60.40623161062436,84.79927303665956,80.04798167201045
330,Heaven,59.3268877774347,36.82399197402579,65.36485530721502
331,Ivy Belle,59.88466854941079,60.81743538540941,87.07919241392312
332,Joy,59.62840390374699,35.21331587109026,11.614157629266245
333,Karma Belle,59.09446176318823,39.37975672847878,54.434099157928024
334,Lily Belle,61.36564634528082,29.456120746322192,22.843629417852917
335,Meadow Belle,60.77526419059178,62.537647316995574,19.47523582724499
336,Nala Belle,59.269885284677336,57.67942398929386,49.966403303121105
337,Ocean,60.26580771418871,9.99430919392073,32.075803377257884
338,Peaches Belle,60.37006123446088,26.234481003338544,45.95590135962522
339,Quinn Belle,61.27938655860118,94.10539265432139,58.3443966010704
340,Ruby Belle,61.215571320327754,27.460481403240752,54.72755380525175
341,Sapphire,57.514221166687015,20.162860768847725,100.0
342,Tigerlily,60.184421087350415,30.3092913879264,18.878101698181
343,Unity Belle,60.675619625915495,21.576323223937152,15.36187343500719
344,Violet Belle,61.074238422601056,10.921793999167301,24.486632464815237
345,Willow May,58.231867566469575,29.4963114208568,34.83927764157668
346,Xena Belle,62.94060295542443,63.061028039526256,91.85173592469657
347,Yara May,60.52258383463925,83.23231426615989,32.07053580691137
348,Zara May,61.27994280972887,85.48050752273498,55.771206651915946
349,April,60.96428612300554,28.808865787107877,32.71759918431782
350,Bella Belle,62.309423503458405,72.64421880495546,76.7772766172232
351,Candy,58.3540704401429,66.48395331761925,74.42555645829133
352,Daisy Mae,60.71757183345749,93.44575390230989,52.75976059746103
353,Ember Mae,60.295637839975015,29.470557314727955,100.0
354,Felicity Belle,49.30195432449285,81.28256147334129,55.41818738776739
355,Giselle,64.65975679133989,36.5496808971303,0.0
356,Heidi,60.85483538621985,45.2239591461398,0.6766694672996536
357,Isabelle,62.216061615596125,96.44977813979686,67.62296658551571
358,Jasmine May,60.2687818784074,77.21221845665742,4.255439917767674
359,Kara,59.015428751907244,27.345414496339156,100.0
360,Lavender Belle,84.05247924975367,91.88491085248873,100.0
361,Mia,60.488097214517644,50.88831701203593,36.48849661155864
362,Nora Belle,59.174113043398286,85.35412804683841,40.498148130339096
363,Olivia,58.20178823026245,30.91722139064638,87.82839956076917
364,Paisley,59.67406360454861,93.17579733424128,33.806393195396375
365,Quinn Belle,59.08926469857896,88.30308794524805,3.791541369162779
366,Rosalie Belle,60.47943692639012,25.930775760370278,93.41409512175214
367,Samantha,59.967632097394635,92.75111460598093,25.95943300139085
368,Tilly Belle,59.35013724757043,73.83263495432337,40.158636494605034
369,Uma Belle,59.69701764229117,75.03632091072348,72.5910935693526
370,Violet Belle,59.89799464549923,43.9899137123812,25.342202352669247
371,Willa Belle,58.73096375474841,78.6073372296483,41.55773205838507
372,Xena May,49.80002095511753,54.52254984523152,73.37820915990186
373,Yara Belle,60.5380353373875,64.82905105423296,0.0
374,Zara Belle,61.827834684241886,65.84302819262956,78.53555805338056
375,Acorn,61.05068084534794,31.786366313188793,36.53211232538775
376,Bella May,46.704893712651646,54.5287559563163,47.799958689618705
377,Caramel,68.75902024131007,82.94040444343825,25.05239339858086
378,Daisy Belle,60.47116822180463,48.87686996817772,80.42382997193312
379,Ember Belle,56.4319855557994,37.725423105091906,24.639262701125016
380,Fern May,60.92093375702322,19.44190792335866,59.45129867788923
381,Grace Belle,59.48642948162963,41.630941208945444,46.46916687817712
382,Heather,59.66961931107019,63.80907344669262,62.12512525672577
383,Ivy May,59.77125278463589,66.09160748106771,74.00557285283818
384,Jasmine Belle,59.86842223402222,55.474842099008754,50.625622569234515
385,Katie,59.47962371197541,20.38043123749528,44.741786867929505
386,Lavender May,60.56822701338332,36.19706813514633,100.0
387,Mila,58.84106016715025,91.67419754164182,25.74279224472561
388,Nutmeg Belle,59.2847476468499,70.41648149562633,22.95690277417993
389,Olive May,57.0005337888302,49.217549842995595,29.567240893017406
390,Peaches May,60.48912981031319,51.803428701030256,29.520965294895742
391,Quinn Belle,60.351321915175404,3.9736269252866814,59.549453918712565
392,Rosalie May,60.25205908035061,37.026957344412324,100.0
393,Scarlett,64.9085177777039,59.67010300634366,8.844825410406465
394,Tulip Belle,60.00052307832746,1.1543582190409332,46.99644908153687
395,Ursula Belle,60.40680013900661,66.07473896830557,71.41447896866025
396,Violet Belle,60.141834293082695,27.940791776286837,35.171432034743646
397,Willow Belle,60.68779824911087,75.87191171960369,11.607689919523786
398,Xena Belle,57.96463721803907,65.54149371662055,51.80758664108431
399,Yara May,60.9210744153545,72.74997242677195,13.82461071959603
400,Zara Belle,59.73247407990421,37.50543262412554,53.10304243145749
401,Aria,59.536237364261886,50.14673166689316,29.97545317023558
402,Bella Belle,68.64158297547733,58.186587993488814,19.48989101302382
403,Cassie,60.91861734719787,35.54220537609671,48.735372461738535
404,Daisy Mae,64.06420542869031,81.17619585153831,80.82726400095856
405,Ember Mae,59.72083614563502,12.181172350016514,19.147446298770948
406,Fiona Belle,56.66451255496993,60.74285206834908,43.529214416016046
407,Gloria Belle,60.51383365538175,43.1761510411058,4.960921172618185
408,Heaven Belle,60.10089441922108,24.553925976166376,27.277996043903663
409,Isabella,61.00292840662352,95.80601328656931,61.68529227270035
410,Jasmine May,59.1414998902864,38.77244702652341,77.78206115219615
411,Kitty Belle,59.54737292081818,12.676678041126952,86.31479617908425
412,Lavender Belle,58.14376558174984,50.74315948677825,69.6838186607624
413,Misty Belle,54.580095426004426,86.03913414047608,43.444412548880564
414,Nala Belle,60.235633262956625,0,56.127973476320406
415,Olive Belle,60.908224336326,23.0240708820145,0.0
416,Pansy,60.802808704590234,73.37477000935442,48.14920359261788
417,Quinn Belle,59.29832348355973,36.34066108482146,40.83631528008176
418,Rosalie Belle,57.882023294633036,77.50988654775664,59.39709289252882
419,Sienna,64.3122203049625,17.567010051859974,0.0
420,Tulip May,60.80203750275474,26.74912810177248,43.43426081930175
