13,Penelope,63.17844480996145,79.03956487099131,100.0
132,Quinn,62.114803463106114,92.32015637068623,84.23940177250341
64,Flora,59.749448811105395,70.02535624143957,100.0
208,Ondine,76.88973150367259,67.06542654866776,100.0
100,Kitty,62.722052565406415,66.81018981269423,97.79374802628925
359,Kara,62.872538095949345,56.43973653343502,100.0
241,Violet Mae,56.221811904939045,73.73120516710883,83.19078492969925
291,Twinkle,71.81104756763266,65.68206436957746,100.0
114,Yvette,69.88412964076888,53.88243640092022,100.0
12,Matilda,59.22206821575231,71.95160873453567,82.42398093268879
378,Daisy Belle,61.41744134411407,81.80247495399996,80.42382997193312
269,Xena Belle,61.85187800265645,67.00708902901751,100.0
230,Kismet,60.20018191921825,49.45509133658696,99.06315715984539
360,Lavender Belle,78.54882682141007,77.84363662575244,100.0
353,Ember Mae,63.128918239936816,57.50908179149972,100.0
382,Heather,52.42283993133846,77.85408626664801,62.12512525672577
196,Cassiopeia,59.935530893196145,66.33439386717258,75.49006273806116
218,Yvaine,61.27316509173059,61.39776583599309,84.31000082936953
17,Petal,69.6305463146373,60.655030905359844,100.0
320,Xena Belle,51.69220486021721,65.56147316926342,68.33565059190789
348,Zara May,62.45793279537307,78.62211239563422,55.771206651915946
224,Elara Mae,57.14667497576183,79.49130307838332,69.60176582284927
76,Winifred,58.64671985114102,75.44615704376571,80.93631667739581
96,Harper,60.23898487684803,68.49360011082375,59.00737407126234
284,Maple,66.27341222126407,86.25264454895456,93.49596965419619
57,Daisy Mae,55.139246685865665,66.77530399649137,58.528285781907265
41,Maisie,64.16361032539331,69.77885586457691,74.70516656324033
22,Clementine,69.59388489310565,75.02596485551281,54.39456457684616
124,Ingrid,61.56743707725802,56.60674838370392,100.0
160,Serena,40.8353924451439,57.49284816472126,93.73423125138618
210,Quintessa,59.823316135825046,49.06569659459611,70.05771480782352
404,Daisy Mae,60.93748136439329,74.71957732870635,80.82726400095856
14,Fiona,59.533862463493264,75.64239879041604,62.433280941281716
32,Annie,59.67647867123258,89.08854450035696,22.738191203080763
374,Zara Belle,60.45686298106948,67.38118729232576,78.53555805338056
213,Tara,59.678709239574566,67.43039886830717,78.19061911754267
406,Fiona Belle,67.9450451199455,63.01824793330514,43.529214416016046
416,Pansy,60.68318645747825,96.66632020648272,48.14920359261788
194,Amara,52.43863365441941,60.053559980394304,73.80678807548284
315,Sky,78.70940316854198,72.74786384379591,26.390064946713814
363,Olivia,62.23878013741989,56.45286975616349,87.82839956076917
107,Ramona,59.13635721921124,68.42837553050323,82.56157666971049
193,Zora,60.28768321848058,78.0567479644036,17.72984118298581
103,Nancy,57.87955946454874,71.57170809054307,65.84583171002089
329,Gloria,60.20807420458555,61.37943500233528,80.04798167201045
314,Rose,65.16520083749622,55.72768645227589,40.47138124964739
383,Ivy May,62.82957653411388,59.448186440740024,74.00557285283818
289,Rainbow,59.053446252407696,71.06624792346386,63.07053977352753
82,Josephine,60.72570470696937,42.40266407309855,42.954418352005376
279,Hazel Mae,60.26215404193447,64.7828952200886,69.46244013225625
357,Isabelle,59.5140602698866,64.21019930984797,67.62296658551571
403,Cassie,60.27694948614979,33.18488495593494,48.735372461738535
155,Nova,58.64545060903381,66.48453073914844,74.75974166519512
65,Gemma,65.53329135139515,33.825776525787454,41.358168167645324
206,Maeve Mae,62.11026683281247,31.690466253810808,34.61049046781984
373,Yara Belle,65.23114894806542,55.61187507987543,0.0
24,Jasmine,60.74431335758743,22.090768538271423,29.691852285351487
36,Rosabelle,62.25872462022985,53.65907416962062,4.744572594701708
342,Tigerlily,56.86929455939861,39.94633524641135,18.878101698181
27,Lucy,48.18676510132535,44.69248637513063,22.37862459932193
396,Violet Belle,60.68849921515202,33.474727371306926,35.171432034743646
37,Winnie,45.228513886965985,60.1860679527639,1.3813068620934246
245,Zara Mae,60.45743343136403,61.2839264043598,0.0
75,Adelaide,74.84020095594147,40.98941048556371,34.52114947546283
211,Raven,61.075418715543805,68.7366831714666,0.0
248,Cinnamon,64.95838651191345,38.88133608934846,0.0
63,Gertie,67.8230967102897,50.45462431391373,0.0
223,Dahlia Mae,77.34609809474912,61.942334057661554,11.52322953465346
48,Delia,68.27380446381692,69.38278689450858,13.824862151210986
408,Heaven Belle,61.3547041303679,52.35148208846053,27.277996043903663
66,Ada,60.76983559183249,58.76542467991888,26.47595633654711
231,Luna Belle,70.37733882790431,75.42959866442484,3.8812457744695905
401,Aria,61.55380437027496,43.41684688845752,29.97545317023558
258,Meadow Mae,60.90305592174515,38.29592794379914,46.29540999299665
207,Nyx,69.73242189502793,56.576955310014036,19.03778479137982
257,Lavender Belle,60.783585472614874,67.36829925590672,15.618533889861986
145,Diana,64.66333690902334,39.340010272037894,33.34190354647399
67,Harriet,57.153005737712135,43.76224556513624,23.86478980938031
147,Faye,70.69479592485374,61.3894079668033,0.0
237,Raina,61.56019124055184,60.720402538762116,31.03886781510989
276,Echo,43.41439401970059,71.34470975202915,20.743299494994925
285,Nutmeg,60.91108554191155,53.55905477353721,38.82989067697795
335,Meadow Belle,59.68810017082693,66.49411834078332,19.47523582724499
28,Charlotte,65.23879146748484,63.610352839176386,38.726241568837295
379,Ember Belle,47.8606601529682,71.47362607589614,24.639262701125016
393,Scarlett,73.32055977954379,51.466245663176906,8.844825410406465
361,Mia,56.40051201708921,63.19253827937277,36.48849661155864
375,Acorn,59.4091567640863,52.398887040518275,36.53211232538775
332,Joy,60.862734114077575,41.72095107130066,11.614157629266245
215,Vesper,64.95728299836566,42.56150102843553,0.0
5,Clarabelle,42.74626925156322,53.151845610498945,55.48211686657087
53,Daphne,56.25121970131274,43.74619802259833,58.52341324317557
282,Karma,64.84096001670906,57.41959153845772,32.60952815841711
176,Isolde,60.15945337961481,70.80371520813341,14.754022763006404
190,Winter,62.467501325973664,53.383301016030856,14.924230035103953
168,Athena,63.8455689945284,43.331245456363554,16.48477173283078
117,Brigitte,54.58281782158483,58.368103022253685,43.94085861133597
219,Zephyr,78.12268470132196,62.42372168259905,33.41197235602148
338,Peaches Belle,60.39002639610003,57.05807296434624,45.95590135962522
184,Quenby,56.38729220072842,50.25363323312864,46.82625898569183
26,Bella,59.57104691783759,59.10849878390912,31.330844031317223
334,Lily Belle,49.44498928437547,58.1439214430909,22.843629417852917
233,Nova Mae,69.26678365427169,69.0763749150157,0.0
407,Gloria Belle,67.72156136709297,56.02140849080363,4.960921172618185
153,Lillian,50.937787387155396,56.35221348088332,50.01521986989301
377,Caramel,89.55989071284901,67.06595994864398,25.05239339858086
134,Seraphina,57.48801924116428,49.03636021053461,37.460697623584096
385,Katie,55.422086980026975,59.62000887215989,44.741786867929505
298,Bubbles,52.56122425846722,40.85666354280127,65.14729604646709
328,Faith,62.39412736614635,34.04251878269132,66.22478681736968
283,Lily Belle,83.24588458987142,49.01033136796218,33.59568354204245
280,Iris Belle,60.066549196115794,33.29245786095838,42.32588377270336
307,Kalea,81.45570497379246,45.84370615771641,21.822855938501707
81,Imogene,54.051910634737624,41.40572466826976,16.87390728369757
191,Xanthe Mae,59.3839580728326,94.35456254862444,18.430176481509886
21,Willow,47.99049407688968,47.70127563955063,55.77480390178067
367,Samantha,60.958644094901224,69.0035183228519,25.95943300139085
192,Yara Mae,56.66242175486521,49.27455471314313,41.17768050664687
89,Henrietta,57.35491963733476,78.40407037484314,5.369201067481448
35,Pearl,57.04231714558278,44.471354886275215,34.254133574949975
256,Kaleidoscope,42.68863609948451,47.548306319855044,59.20861935349502
125,Josephina,50.98057957711286,52.37609254357969,54.031203654485644
169,Brielle,85.49316296084014,75.0442835966632,3.385035494074316
182,Olympia,52.497294941877726,61.17399159779758,45.04129195627968
80,Edith,50.59570382817228,53.01337433959181,27.950803222197695
238,Star,42.79083371569908,69.2962462312419,43.74397359810099
358,Jasmine May,61.08164946510722,83.37597095246448,4.255439917767674
370,Violet Belle,62.64953480542551,54.226448910661944,25.342202352669247
52,Tulip,64.21454891625443,73.37260828775834,2.009997239864056
321,Yara Belle,43.25280983940447,59.8340574229095,59.61092524687037
400,Zara Belle,48.16883844537831,66.06254174613096,53.10304243145749
242,Willow Belle,64.0749680648317,86.52333678733407,18.83247961057288
143,Bianca,48.58914336556495,55.90091656428962,35.8259926911321
174,Guinevere,59.63273688329689,44.17702288462617,69.81785447053346
398,Xena Belle,60.713153574788805,64.84633899457388,51.80758664108431
333,Karma Belle,50.47948016789475,53.152300324351,54.434099157928024
173,Felicity,60.62223168683904,62.26309364537186,40.98332148826616
270,Yara Belle,64.82514605876321,50.898674288903315,46.96844052241869
163,Valentina,78.6690535774215,61.730409888239286,29.40240527106997
236,Quartz,60.549239798329644,79.60399881084788,0.0
319,Winnie May,56.56090234588262,68.788971746988,56.841696987854235
312,Pebbles,60.2144429220893,57.870573710074645,66.4355955105053
150,Isadora,59.908521990662564,45.33557890762334,66.69281074927311
354,Felicity Belle,40.852411240975925,51.51436428379238,55.41818738776739
183,Persephone,62.6706113199218,79.96364136339926,22.215255503030715
85,Ruth,59.81933921259594,54.69188257500362,41.67141222258546
115,Zara,60.49991926248803,52.221416808807135,34.535249441990814
6,Clover,45.090069058856926,60.1613041903505,51.86477637845585
152,Kiera,60.619663941691776,66.4955773476833,35.937992469871375
364,Paisley,59.59233337553117,64.1801285251685,33.806393195396375
259,Nala,41.9690378313824,81.32025468445642,46.34167829929327
202,Ivy,58.53441262948069,50.43835296444145,72.30880662309471
140,Yolanda,59.71805925564831,72.86149827194046,44.09717925472032
201,Hera,47.1811941723787,41.820675660252064,50.31917041608622
31,Lola,55.6441353615534,47.18875782819914,33.427134761395976
330,Heaven,59.94233391762741,75.19365500677813,65.36485530721502
38,Beatrice,60.30426026401414,61.99266901501919,65.50010887472308
352,Daisy Mae,59.11601418290299,69.73779111573992,52.75976059746103
87,Tilly,59.3873689079028,49.010932814202164,64.75540038248161
303,Grace,60.76955173695639,50.561362893990825,56.20330623245677
384,Jasmine Belle,53.42192179386013,48.10396177158474,50.625622569234515
277,Fern Belle,60.74662195200979,71.22080480725403,21.493692509974903
58,Coco,60.615109013468164,78.19397050823679,61.67644245765291
142,Aurora,59.22729284898475,66.18550897085757,67.13559405579488
347,Yara May,69.54492200608352,97.02647735514512,32.07053580691137
420,Tulip May,55.2214594183068,69.67700282125116,43.43426081930175
246,Amelia,60.78918096220496,49.43313019567624,51.064332055366144
309,Misty,59.43795435180678,71.35386000048443,25.037989182272845
217,Xena Mae,65.43657259932255,65.00194705034816,19.70146529511383
51,Greta,62.27053113670906,39.155972870470144,100.0
112,Wendy,60.162385346925674,61.567665627301565,73.77893511511023
327,Ember Belle,58.289193394076364,62.719697386773284,71.9302137439784
151,Juliana,59.54596919922776,66.74354157043624,45.21506791974581
133,Ramona Mae,64.03580328621165,59.39797790507575,47.22545831209767
371,Willa Belle,67.58225961810956,50.94586832461293,41.55773205838507
264,Starlight,39.83318593648034,82.06168442636113,60.33637488396256
15,Hazel,60.485809063584455,57.07530363161762,83.0274258777744
409,Isabella,60.13174088493608,66.17283974061932,61.68529227270035
156,Octavia,60.14441870235843,56.843637681653185,59.49820912662032
91,Maeve,46.92763205095436,78.05465551660896,31.03826692613989
287,Pepper,62.08078224409694,62.306926418682025,28.306458343693116
44,Georgia,61.065845308670696,53.02275577795809,100.0
254,Ivy Mae,68.22923461328399,70.37188669001549,64.35836122310374
395,Ursula Belle,55.0152330219742,55.25049417300362,71.41447896866025
104,Ophelia,59.02195040254264,74.48622606227066,48.99375351443238
311,Orchid,59.04212302535824,80.9088867394063,24.16235889112957
49,Juniper,47.226683582857135,63.613609994842115,39.341617018442115
411,Kitty Belle,61.44065148431658,49.11510983943367,86.31479617908425
122,Genevieve,45.282652568421526,68.35156668757011,54.014256856812516
25,Lily,51.56034673728406,45.26429776760383,67.39631608750503
275,Daisy May,64.73515523075022,67.66562707127582,36.64221923821166
131,Penelope Mae,70.6556309048961,67.19259658789917,28.933718004613617
281,Jasmine Belle,61.362083700143494,46.54238996154115,99.43826208035486
249,Daisy Belle,61.216806563001896,88.93351594731213,51.477786259373474
4,Bessie,53.79424646826856,57.49283932693223,65.83556781226909
78,Agnes,59.701558826544634,62.524859598815254,55.47399935075492
418,Rosalie Belle,59.391649102103635,94.2400373554113,59.39709289252882
232,Meadow,62.46625722993244,67.16589724686686,80.33564097704574
326,Daisy Belle,58.18066696875683,70.72674255808319,71.16582932709801
146,Evangeline,57.445234039158386,60.01124985684847,71.0477725744291
316,Trixie,54.91067115943628,57.63897383891194,61.59851206549226
413,Misty Belle,59.80743829970931,61.86280310128692,43.444412548880564
175,Hermione,69.94664193448692,81.68024689071672,78.76899887271583
205,Luna Mae,72.20149486926447,67.73771980556852,78.40569668770323
19,Pumpkin,60.80401203468974,69.25104395062765,71.28135316156802
170,Calliope,58.97536657727457,34.91254250960466,78.24874768844333
106,Queenie,56.926790244100744,74.22758253936524,85.81188736729314
350,Bella Belle,69.53459672702354,69.62763078040288,76.7772766172232
61,Zelda,47.31687994170153,92.01061633899332,47.11504523133881
118,Camilla,64.18584929734801,56.294362551272904,71.23725420933042
59,Eleanor,60.26426039181156,40.34500355621761,83.88839997417709
93,Sally Mae,58.52034176670221,58.433822788560036,59.02006784161211
410,Jasmine May,59.569955371636176,62.34247913480155,77.78206115219615
70,Ida,59.52803840646969,56.22547703152022,66.91992448956634
110,Una,52.06437083402299,71.38961417415211,91.95578198280276
341,Sapphire,65.30170978155131,54.308358217807346,100.0
29,Stella,60.75036993208123,64.24575127558164,77.16827856008821
204,Kira,68.82312645319908,80.74607917610854,47.03755901577599
325,Cinnamon Belle,60.84538070450473,79.04053771114468,42.662839940714186
392,Rosalie May,65.62941511230065,54.08849113822369,100.0
55,Opal,59.04542538594401,70.79559439588957,68.90968519657295
83,Lavender,59.17824894083521,63.601402880129,70.3181508235252
239,Tulip Mae,61.106991073907764,87.74783051669024,88.50945447616668
267,Violet Belle,58.965698053830465,69.84115204251597,83.52461069033635
39,Phoebe,65.40684272018008,70.53786294609799,93.48674699317641
161,Tallulah,59.92034255971632,41.114209130212,94.24673690282782
197,Daphne Mae,60.445291092608784,63.762176223114565,94.54234477676545
220,Amethyst,68.7511318105047,46.76035374813528,73.02536624280881
286,Oreo,59.3473942339193,61.16253038647046,87.19711100544703
99,Juno,58.91085755727303,77.75526157839377,61.29993186726804
346,Xena Belle,68.53305102583533,46.44956099393279,91.85173592469657
293,Whisper,59.734475262591516,51.51975179394574,80.85638045574863
200,Galadriel,59.25242966337974,49.571988455775355,77.08276367147224
95,Gladys,57.70810665424251,68.91117442869754,51.15944957964427
45,Delilah,56.607074226680204,54.91047595889587,59.887233108014826
235,Petal Mae,53.996529652219785,60.717684583412776,50.59313505325972
412,Lavender Belle,57.097248420333834,36.27707009606322,69.6838186607624
50,Martha,69.59980787320222,72.32979400800494,28.50151088703295
138,Waverly,59.80991902669115,64.31103132048693,34.56253840356732
71,Esther,59.30078532602349,79.63648048662353,9.616408691364825
368,Tilly Belle,56.05712411164868,65.37495668806307,40.158636494605034
261,Peaches,60.96329367980263,70.39013415966566,6.556204035016549
180,Margo,49.1827057251083,45.75996008045248,24.31661590355249
415,Olive Belle,65.08283502224782,63.392743573564374,0.0
42,Minnie,66.71806934606653,56.17115055818225,0.0
255,Juniper Mae,66.6084683598929,44.72014681846645,0.0
130,Odette,77.59544173665499,44.421983394315,0.0
240,Una Mae,63.60773210053844,52.544962389811026,0.0
177,Jocelyn,61.40638996429799,38.72981425018168,23.408351652743086
188,Ursula Mae,61.11625915002499,53.174593566867216,1.4169724317606054
337,Ocean,60.003440768616215,45.4098016626745,32.075803377257884
292,Violet May,69.19441998331884,42.35999827636105,23.548194121686763
355,Giselle,66.14489014155907,48.059015016531525,0.0
234,Olive Mae,60.585531779746546,53.927436196987,17.05893551177852
343,Unity Belle,60.887234135106745,62.74375334969609,15.36187343500719
296,Zara May,60.940942416558634,56.18885327651585,14.432529818277473
365,Quinn Belle,60.6427758856027,58.85331904761443,3.791541369162779
297,Angel,70.00907450779385,25.775937080839604,7.771587973016459
69,Cora,64.53750939276368,71.39626247825649,5.721675567880197
419,Sienna,60.82978257191907,63.54820940798387,0.0
11,Ginger,64.9553435998952,61.37096209130875,10.766411349424544
227,Holly Mae,79.60069033012228,37.88822494397505,38.376739168508
9,Luna,61.07948527086554,54.03021710341019,0.0
262,Quinn Mae,76.8223262777397,64.35375088070785,19.78591231230141
165,Xena,50.89815790193388,56.82517770633533,7.41370768225957
299,Coco Belle,67.83726546943845,56.58243786916457,0.0
260,Olive Belle,61.563348735130084,31.48898755776401,15.485333211369912
399,Yara May,63.981836189698974,75.67093968423312,13.82461071959603
265,Twilight,58.35146821289697,39.12658649584304,44.50802778887333
212,Stella Mae,58.71780068783762,70.65351544468342,0.0
266,Unity,62.00835822547372,57.35104403880143,0.0
46,Honey,60.025344081489926,76.78748074578598,5.477288364812608
164,Winona,44.87680295748823,43.72990328017213,39.50909855234608
144,Calista,61.639373232717354,56.32682805340557,21.93261941696714
54,Fern,59.844811131735575,69.28268231534,24.9690887382335
126,Katherine,66.3520642271929,60.78366839070783,21.868079816249026
402,Bella Belle,77.3009863482691,49.45550781049138,19.48989101302382
397,Willow Belle,51.22293160655987,46.8511235392834,11.607689919523786
288,Quinn Belle,57.313048477948946,52.08581448730948,3.147774877120497
324,Buttercup Belle,60.783879167626345,51.38146627200744,49.300251287929015
98,Iris,45.482562604158744,76.40924570664302,18.20419794023262
60,Nellie,60.592976757466246,65.03405841007472,24.917832326585515
323,Apple,56.71858572036111,64.12444735102174,18.92668971664962
216,Willow Mae,52.1397846927695,44.41126199577402,0.0
203,Jade,70.28198763740083,47.62776855047661,51.06688287935686
345,Willow May,48.15367844038468,54.231581089963456,34.83927764157668
77,Louise,61.02591523291407,65.45224335155766,17.305774433071598
322,Zara Belle,61.7817506696931,63.79069971417774,6.598876689954899
16,Freckles,78.23497181046581,64.84467010223499,35.369430223693115
225,Fern Mae,59.72041656289406,59.198289391062815,41.09097666912308
158,Quincy,60.56639014787719,48.15437605596088,46.49556087716784
30,Sadie,63.26866690719381,49.05147692542553,14.678608600970101
344,Violet Belle,60.1314117470392,33.4230970466057,24.486632464815237
189,Vera,68.31600774585002,54.01015240275074,51.05602499834644
405,Ember Mae,60.739524444968765,33.0743480907927,19.147446298770948
356,Heidi,60.288766156723554,44.72769956536099,0.6766694672996536
290,Sunflower,61.727102276201734,77.52642712222574,25.575503882813127
18,Dottie,59.99484928203518,37.63810261732103,62.74886744314247
43,Olive,57.743589590038056,70.06249861896583,34.546375336127326
171,Dahlia,75.98179981034403,83.55278248477384,17.153754461222654
273,Bluebell,61.36915926989864,49.822948103000314,42.899831224959705
7,Holly,53.47275294017729,58.35607665829496,25.805711651208018
10,Molly,58.41415986683819,48.398613922171464,8.581105505706333
84,Martha May,59.24687151412192,46.500454268042716,62.1395140440342
417,Quinn Belle,60.96315880085826,62.80152954575052,40.83631528008176
228,Iris Mae,60.40846963846781,34.117056381481284,64.18035659020902
73,Hattie,47.854517350182086,68.24338156725726,23.95723373524257
390,Peaches May,59.999300131058476,59.31787431095073,29.520965294895742
389,Olive May,46.857151651051645,46.47559590402145,29.567240893017406
318,Violet Belle,60.440989292757706,51.37691806322236,17.390075351307573
40,Violet,58.43780635261158,60.59509556654839,43.20772383101649
302,Flower,58.76653778884251,69.72745657360552,38.10144918003114
181,Nia,58.975774815475994,73.74710872471745,32.014312373863035
2,Daisy,59.60995015985091,68.98653780880768,13.52894977654524
102,Magnolia,60.55108206234039,69.96131916615572,7.921143474914004
119,Dinah,46.63985282684014,51.76316840325705,57.0831509441794
47,Marigold,70.45859667995363,38.409472651489054,67.40833981388917
244,Yara Belle,60.062549716208714,61.815119781202924,21.309581602815385
214,Ursa,55.64902000570265,67.10329896813144,9.93529163521034
304,Hope,59.80390625212222,69.82117194710709,38.6102430672202
317,Utopia,60.19077771313339,56.8617901681257,62.73102323906643
123,Hannah,58.397169447789224,74.2727097964197,31.42036942324798
113,Xanthe,66.40710003498661,57.377311300782544,31.53581355452371
90,Lorraine,60.35676362546406,49.606910101008545,33.94115951652263
8,Rosie,65.58968581182718,64.00136526768381,60.83725175609225
159,Rosalie,57.07843113831092,73.62116880467869,20.898935320976243
128,Miriam,60.03365126473168,50.03913430206234,39.740317769883426
97,Harmony,61.14231347796213,52.29601917325678,25.832220196136294
268,Winnie Belle,57.58219815388042,85.62917006708813,33.88653112230915
195,Bellatrix,55.40451632992077,84.30722039244083,27.086028146669253
414,Nala Belle,58.624977648813804,29.522363171383184,56.127973476320406
349,April,59.55775072655034,49.69007487359743,32.71759918431782
56,Betty,72.7172152567379,58.994326869595284,18.78572691868777
387,Mila,59.562801372630865,100,25.74279224472561
108,Sable,60.83990899571465,57.86093240330327,24.028749779808063
301,Ember Belle,61.457058932595295,44.011714760589015,25.147697336230507
221,Belle,63.91202137131209,55.009238339348535,66.95338159083224
148,Gwendolyn,52.42972518225573,57.147845899361236,62.763865043904985
381,Grace Belle,68.19005773574345,59.143293538714495,46.46916687817712
186,Sabrina,61.671985116330234,44.40416677052104,56.16262735447586
92,Prudence,60.03892702094918,76.08338956384759,16.964836003282628
137,Vivienne,61.396563473647014,48.91374383607145,40.71937867572966
394,Tulip Belle,60.57687152019211,31.84135052006107,46.99644908153687
111,Veronica,60.76793944131977,75.01414218056125,49.66613801050426
86,Sylvia,58.90370383047428,67.34644061886553,43.49961150814799
336,Nala Belle,55.09183303714844,55.40611058153602,49.966403303121105
340,Ruby Belle,59.801055689743414,39.108632806929215,54.72755380525175
295,Yara May,56.56692303787461,49.334396013131744,82.50003901686537
162,Uma,59.490095817558874,60.598692082924714,60.039566322031334
121,Frances,54.59232722479817,54.426282841438166,44.3811902292643
339,Quinn Belle,58.48388264240287,72.78684966449599,58.3443966010704
251,Fawn,60.35979556976474,68.59205748157837,58.58965464723371
362,Nora Belle,55.798366490700865,79.09878432545213,40.498148130339096
263,Raindrop,66.44087670896289,60.996328577913665,52.83656055695951
157,Primrose,60.39574772571086,59.71753764033815,45.059270258595305
94,Dolly,57.24921431303247,71.2028128542066,27.76148907866112
243,Xanthe Belle,54.70197848899727,54.77505283046002,40.75104133755657
139,Xiomara,63.662392536783265,39.12995699382097,100.0
253,Harmony Mae,58.87698942135037,70.30547270756504,48.715729223308855
116,Abigail,44.8650099447579,38.39620806260245,75.59046550149935
68,Mabel,41.06122686116481,82.05984201242737,28.639046178983996
252,Ginger Mae,66.3501654774794,49.85112949688607,20.00415306278976
351,Candy,70.75711573020291,60.35348754478875,74.42555645829133
154,Miranda,47.276623527671894,57.80785388927293,68.74326646130689
167,Zinnia,56.99090522939617,39.893605160325215,81.32026840070057
376,Bella May,41.75914676315011,57.57989046829001,47.799958689618705
391,Quinn Belle,60.76913225642377,36.08796078239436,59.549453918712565
310,Nova Belle,60.45892048040886,78.14747336152912,73.69677834658361
149,Helena,55.36473384593047,48.503583451933025,76.33973358237382
127,Loretta,57.4430077243248,95.845499991891,19.880901206900113
294,Xena May,60.51212973417069,86.3248357021968,19.302116184787142
198,Eowyn,66.12106610931254,64.12395525692996,33.753344564485104
141,Zelda Mae,76.86482696467942,62.68657411646444,87.25394864866774
386,Lavender May,59.8140035606044,25.085340711296787,100.0
135,Theodora,52.43819033544742,43.03090002796914,76.45981606398061
199,Fiona Mae,51.59890120071021,56.924940757012585,55.02620663829805
79,Bonnie,43.59777861696143,40.81456961239895,62.969411620993355
308,Lily May,60.857390892853424,56.170136984684916,100.0
331,Ivy Belle,60.662073403031016,56.61484775194204,87.07919241392312
20,Ruby,54.679532710360455,62.35230587608273,69.68823671458182
222,Celestia,32.693109753830655,56.178839072826555,67.47862863190866
388,Nutmeg Belle,62.43585514898845,83.51146417209071,22.95690277417993
226,Gypsy,61.42652713713901,72.50010402575823,86.24318177382722
109,Thea,54.921128945595854,51.827086945332404,86.53163508648117
185,Rhiannon,55.92767074252439,65.19353558344764,67.23599450376925
120,Eloise,45.16757908926686,66.44656330795462,57.777984981208206
62,Rosie Mae,58.046533399717475,47.93678404921219,72.02024036451519
187,Thalia,51.6344466426215,62.58720196309376,46.209972283928956
72,Nora,59.067636019242386,57.207635501904406,42.14626063965063
274,Cocoa,63.85945981258723,64.21668197508511,84.72801685475343
271,Zara Belle,56.26451884561331,62.92894020269956,52.48133991718692
33,Elsie,59.68320985794123,76.3991332752932,88.36175572652343
313,Queen,45.954640285280966,86.31131157512881,50.20795771193847
172,Elara,53.24011945242151,31.664606320523284,100.0
1,Mooey,59.791257724520584,63.68468843929739,62.90021199141762
272,Amber,60.147374698739384,54.74928143049298,61.25863738923675
380,Fern May,65.5660295579027,46.38702417481601,59.45129867788923
278,Ginger Belle,72.5088489745182,80.0065794829444,76.94190767875007
23,Poppy,63.986744863276165,73.75133595002873,100.0
179,Lavender Mae,71.69840139939429,68.14591587774065,88.81613331216437
229,Jasmine Mae,61.27671312461987,71.50114853262085,68.15093426404738
3,Buttercup,65.7020645899968,51.564305730989645,84.99274923222447
247,Blossom,59.056217141305304,46.98215123204959,81.38329008170857
178,Kaia,58.96131216490316,73.29536356797655,46.41912251740441
209,Pandora,59.38631487291874,82.88143001989768,59.45635231930545
166,Yara,73.7901332748155,49.563338297897914,81.61806503634088
306,Juno Belle,60.82013191481549,67.98462483291277,100.0
88,Tabitha,62.250846672049406,57.70183192589284,100.0
250,Ember,49.96461567021297,62.74913016101319,73.96190964377153
34,Millie,51.27426914881166,85.29558028844052,46.2008766368871
305,Ivy Belle,58.83765256067989,37.77067875187744,84.29091128174394
105,Patsy,54.43062527082908,91.83908630892188,62.523800388958875
369,Uma Belle,62.037774324319074,68.12334913406124,72.5910935693526
101,Lacey,59.83049402414692,56.54560546818572,85.37359925655221
366,Rosalie Belle,73.89302034598346,36.9017840888808,93.41409512175214
136,Ursula,59.42006067639414,61.08463891664737,62.54099039497112
74,Willa,58.380920826216,66.82136198748773,52.45731274570316
300,Daisy Belle,61.30356197733815,62.22616284902038,100.0
129,Natalie,62.01213758228807,67.99850848626465,86.25910683365714
372,Xena May,47.29885922915521,52.07660535724572,73.37820915990186
