360,Lavender Belle,79.31133165855982,82.79639371173947,100.0
239,Tulip Mae,65.26184377209168,95.14785324684803,88.50945447616668
278,Ginger Belle,70.86586274633416,95.58059623967804,76.94190767875007
64,Flora,67.20007427720256,84.35126695597859,100.0
14,Fiona,61.08734648060864,100,62.433280941281716
247,Blossom,60.77956806140881,75.22923998678645,81.38329008170857
348,Zara May,61.34470756371649,95.86531547743189,55.771206651915946
392,Rosalie May,60.67771813080591,51.03862327624002,100.0
300,Daisy Belle,60.128780300311014,52.93218847972463,100.0
378,Daisy Belle,61.72263945051396,74.85311626170129,80.42382997193312
57,Daisy Mae,58.40612107516197,100,58.528285781907265
319,Winnie May,59.789484490030326,83.72577326987499,56.841696987854235
51,Greta,58.825963331056776,39.09215606161267,100.0
230,Kismet,62.33565190195549,68.10039928343122,99.06315715984539
161,Tallulah,59.633179537735664,39.254598049142345,94.24673690282782
316,Trixie,58.62689302568756,68.83080457326986,61.59851206549226
179,Lavender Mae,65.5563749761445,68.61689067561613,88.81613331216437
304,Hope,59.578549676119444,88.26118333955277,38.6102430672202
353,Ember Mae,59.956846799515,37.880218136376065,100.0
124,Ingrid,62.666481382848815,56.7879520761961,100.0
139,Xiomara,59.663312304253424,28.703887667853675,100.0
418,Rosalie Belle,60.78018402277517,90.66405789264498,59.39709289252882
249,Daisy Belle,59.18993714794102,76.73232605850983,51.477786259373474
178,Kaia,59.60503029760312,70.26489537286348,46.41912251740441
320,Xena Belle,61.71977207911924,78.7776683286179,68.33565059190789
152,Kiera,60.270970221243736,91.24273298579162,35.937992469871375
142,Aurora,57.96691462581765,49.542306931068254,67.13559405579488
264,Starlight,42.40357583083738,87.69740166912541,60.33637488396256
119,Dinah,48.57208603400001,49.82505766285151,57.0831509441794
365,Quinn Belle,60.26506526506071,84.48729389694661,3.791541369162779
302,Flower,59.86645363037959,63.70211600937052,38.10144918003114
374,Zara Belle,60.83729251918435,63.97852626950369,78.53555805338056
280,Iris Belle,59.691471970178576,54.76899970177654,42.32588377270336
197,Daphne Mae,58.983142517707016,42.38486247681006,94.54234477676545
73,Hattie,56.13864122717201,67.21889808117336,23.95723373524257
61,Zelda,48.34436448077506,90.76517117741251,47.11504523133881
97,Harmony,60.792895308136345,61.94845443984663,25.832220196136294
8,Rosie,59.50884526318502,20.678381613105365,60.83725175609225
265,Twilight,60.13437017991328,28.433132778428714,44.50802778887333
240,Una Mae,62.010540771538174,68.89038113627231,0.0
396,Violet Belle,60.33273569413383,26.55336057183997,35.171432034743646
211,Raven,60.803404104641885,52.74815104347736,0.0
147,Faye,67.98328991624967,37.60768469564892,0.0
63,Gertie,64.42576503704629,21.660718561972125,0.0
10,Molly,60.66018248879404,18.915943090706364,8.581105505706333
344,Violet Belle,60.39703444315047,11.415402029162422,24.486632464815237
408,Heaven Belle,60.967702017284424,32.463044581238904,27.277996043903663
215,Vesper,61.44910294548141,41.874212558955605,0.0
36,Rosabelle,59.58452229128806,55.88876790315284,4.744572594701708
288,Quinn Belle,60.932121905770344,37.68614961745398,3.147774877120497
130,Odette,73.88221325932403,60.11565822690116,0.0
248,Cinnamon,62.98482605812822,36.85857522806741,0.0
407,Gloria Belle,65.36954048377962,55.379645430936996,4.960921172618185
332,Joy,60.38278480818911,28.84105854991737,11.614157629266245
402,Bella Belle,73.92611746621436,34.7287806216122,19.48989101302382
405,Ember Mae,60.71803603363267,27.292958780591597,19.147446298770948
214,Ursa,61.044589093987504,49.89955072785231,9.93529163521034
340,Ruby Belle,59.73492140301751,25.257945720250916,54.72755380525175
9,Luna,60.11131272738907,42.37951535445816,0.0
45,Delilah,57.232714406058165,26.79078680445157,59.887233108014826
82,Josephine,59.7024527803323,30.023921030351303,42.954418352005376
233,Nova Mae,65.85614715269641,67.20210618517892,0.0
373,Yara Belle,62.83128115652485,61.85134973637029,0.0
355,Giselle,65.53836190569253,40.93465144910059,0.0
52,Tulip,59.66024516354816,83.20124169332821,2.009997239864056
75,Adelaide,72.6010817060774,45.236397034496406,34.52114947546283
227,Holly Mae,75.06904337996244,33.85305562965552,38.376739168508
323,Apple,59.360643199923224,73.30192452499546,18.92668971664962
282,Karma,60.59094146065632,53.599423921347984,32.60952815841711
335,Meadow Belle,60.0551016441787,60.081523259528325,19.47523582724499
46,Honey,58.584035831189674,67.28138316492392,5.477288364812608
37,Winnie,55.7124286384431,90.29438164282689,1.3813068620934246
35,Pearl,59.91727004573295,51.178889520163345,34.254133574949975
169,Brielle,80.65831958722755,76.34990929990377,3.385035494074316
42,Minnie,60.496621244240934,65.71660324483618,0.0
343,Unity Belle,60.481892721801245,46.07821952296132,15.36187343500719
255,Juniper Mae,63.734176416353876,39.04279717387948,0.0
400,Zara Belle,55.56601050785492,37.13982825628457,53.10304243145749
212,Stella Mae,60.25753569617136,78.67526235593554,0.0
176,Isolde,59.46729688576569,66.70010353540967,14.754022763006404
154,Miranda,54.495970214627846,0,68.74326646130689
171,Dahlia,66.31924718527458,74.29238846396555,17.153754461222654
134,Seraphina,60.885025990003,46.596619927127485,37.460697623584096
384,Jasmine Belle,60.80196179289834,39.53801888399293,50.625622569234515
223,Dahlia Mae,70.27067047087208,69.89297535371803,11.52322953465346
334,Lily Belle,60.80407097803485,18.76143109651219,22.843629417852917
202,Ivy,57.545526272737284,31.09182186500719,72.30880662309471
173,Felicity,59.87847174867786,55.41653467862236,40.98332148826616
145,Diana,63.3491351435388,20.13890321404954,33.34190354647399
271,Zara Belle,59.10664397196208,36.748948762123526,52.48133991718692
136,Ursula,57.76770595567033,44.814900276903224,62.54099039497112
201,Hera,53.62639136135978,40.41178920268836,50.31917041608622
48,Delia,62.74135137027322,73.52747538115432,13.824862151210986
415,Olive Belle,60.61774745159641,51.13606633061703,0.0
22,Clementine,60.71543747273691,53.55276423112505,54.39456457684616
137,Vivienne,60.76215929128247,60.219761125125636,40.71937867572966
345,Willow May,55.69772056325966,52.006501030397644,34.83927764157668
403,Cassie,59.72738342750157,22.271492417334656,48.735372461738535
11,Ginger,61.063784436562806,49.023279958506805,10.766411349424544
29,Stella,59.54482762652458,20.909366164090034,77.16827856008821
295,Yara May,58.70686893972944,37.634006006294086,82.50003901686537
189,Vera,59.955664922018634,36.72231583204643,51.05602499834644
102,Magnolia,59.88859957736925,60.640941701154105,7.921143474914004
317,Utopia,59.6417647342259,48.97648769789372,62.73102323906643
273,Bluebell,60.239393228216926,48.44367883569136,42.899831224959705
394,Tulip Belle,59.44879699055333,14.851928299938344,46.99644908153687
315,Sky,66.75381017302836,90.54389767113311,26.390064946713814
395,Ursula Belle,55.659014381092355,40.16062479829123,71.41447896866025
238,Star,45.53014764976775,63.59702357500062,43.74397359810099
21,Willow,54.0156442508022,40.64702353579599,55.77480390178067
257,Lavender Belle,57.87397023719524,63.348081357618966,15.618533889861986
86,Sylvia,61.55379706935298,31.853630341166525,43.49961150814799
95,Gladys,59.753610917800614,61.35681749198433,51.15944957964427
277,Fern Belle,59.11629562923466,86.24456573931377,21.493692509974903
349,April,60.840508854472,57.511096716535974,32.71759918431782
244,Yara Belle,59.08553815846797,65.1122317080928,21.309581602815385
234,Olive Mae,59.33866418074713,56.69195357589334,17.05893551177852
50,Martha,58.87746227518792,84.7065537885764,28.50151088703295
311,Orchid,60.01095940213066,83.35661201583436,24.16235889112957
98,Iris,49.2126215777755,89.94696847424225,18.20419794023262
390,Peaches May,58.97445537291047,72.21588206547021,29.520965294895742
65,Gemma,59.93096230201719,50.88525402480572,41.358168167645324
43,Olive,59.15936209843191,51.88869201164653,34.546375336127326
388,Nutmeg Belle,59.56702760809711,90.24756740535025,22.95690277417993
18,Dottie,57.804505067432345,45.584590597200105,62.74886744314247
122,Genevieve,45.335839695885,48.75468066586504,54.014256856812516
330,Heaven,58.286076485569374,53.01534564190586,65.36485530721502
4,Bessie,58.49056881217855,44.99395559867331,65.83556781226909
412,Lavender Belle,60.785950496317966,38.55009414128612,69.6838186607624
399,Yara May,59.21108394054789,87.06276357484744,13.82461071959603
298,Bubbles,58.75008635162761,31.569686825524144,65.14729604646709
237,Raina,60.48005429232312,59.82338598521389,31.03886781510989
287,Pepper,60.4002651651521,54.652675805581346,28.306458343693116
301,Ember Belle,59.94159247567666,53.887427771452856,25.147697336230507
256,Kaleidoscope,46.50297583801493,69.94524574611535,59.20861935349502
218,Yvaine,58.671576400787615,39.245065776451995,84.31000082936953
133,Ramona Mae,59.60256857871085,65.86469453411115,47.22545831209767
26,Bella,60.88676633308742,64.46136985616769,31.330844031317223
263,Raindrop,59.23750811101006,39.86469310081683,52.83656055695951
245,Zara Mae,59.97956858435904,87.09923070633073,0.0
341,Sapphire,60.956702202468094,29.34616816189228,100.0
116,Abigail,47.45785635473813,47.63489803023411,75.59046550149935
150,Isadora,60.43448850116395,29.024026578815693,66.69281074927311
92,Prudence,60.4820927904402,73.84949492933649,16.964836003282628
94,Dolly,57.965316794630986,100,27.76148907866112
294,Xena May,57.93124810132958,98.0968637819405,19.302116184787142
203,Jade,62.61370440592243,55.755253504663926,51.06688287935686
336,Nala Belle,57.849337849732905,52.69748432853409,49.966403303121105
123,Hannah,60.31620143510475,64.17063992168472,31.42036942324798
210,Quintessa,59.647070174174665,57.856991310495246,70.05771480782352
254,Ivy Mae,60.58749139712813,55.25055383723487,64.35836122310374
121,Frances,58.36878900238491,74.45903033438438,44.3811902292643
172,Elara,54.37762671418369,13.764410208597772,100.0
16,Freckles,63.49538547806296,71.76860875063358,35.369430223693115
49,Juniper,47.63774554498519,62.332995837973996,39.341617018442115
78,Agnes,57.3683334196047,41.46171911631464,55.47399935075492
66,Ada,60.05142923525392,65.44452652468881,26.47595633654711
253,Harmony Mae,58.95805415807446,93.35275853252654,48.715729223308855
364,Paisley,59.05912311196572,79.06955591247133,33.806393195396375
158,Quincy,60.177245980381976,61.78132626677271,46.49556087716784
242,Willow Belle,59.16593014050956,82.60047576241533,18.83247961057288
198,Eowyn,59.820969058839474,58.452830102885656,33.753344564485104
146,Evangeline,57.61756160578156,57.65850278614675,71.0477725744291
359,Kara,59.44948734618412,41.70260805241882,100.0
99,Juno,58.78763365028524,63.09006787377415,61.29993186726804
318,Violet Belle,59.2630822558355,96.60807603630671,17.390075351307573
354,Felicity Belle,45.30269791316307,57.41674200114816,55.41818738776739
32,Annie,59.1260596692798,85.71888476502143,22.738191203080763
160,Serena,58.80507187888366,52.95822340151551,93.73423125138618
194,Amara,56.045664577985264,43.49584732085742,73.80678807548284
200,Galadriel,58.01234422300069,34.00702978236272,77.08276367147224
385,Katie,59.29451432362071,48.858381259265485,44.741786867929505
351,Candy,63.41849037189821,58.154260129399425,74.42555645829133
306,Juno Belle,62.07551259182527,52.82039631002799,100.0
229,Jasmine Mae,61.18556635545547,78.75169909716566,68.15093426404738
228,Iris Mae,59.38987161724128,65.04139822583717,64.18035659020902
166,Yara,66.58668190084776,36.46831218127855,81.61806503634088
19,Pumpkin,60.68750131387304,70.07556523890287,71.28135316156802
327,Ember Belle,59.41803355766518,62.39209853385222,71.9302137439784
281,Jasmine Belle,58.76681738831871,23.612485845370653,99.43826208035486
28,Charlotte,59.02558105919044,74.8781453289881,38.726241568837295
185,Rhiannon,58.98887286736595,72.39276151907353,67.23599450376925
232,Meadow,59.929135610825945,60.24515788224186,80.33564097704574
6,Clover,45.57007013135885,81.84650089220274,51.86477637845585
117,Brigitte,56.41277451220051,68.34166266729473,43.94085861133597
409,Isabella,59.30734989699672,88.41978703437474,61.68529227270035
357,Isabelle,59.757327355785385,78.98224004231237,67.62296658551571
83,Lavender,60.350101191925525,59.009256118951726,70.3181508235252
272,Amber,59.40633037962543,82.36391945768025,61.25863738923675
162,Uma,58.956504449618386,58.9115705586531,60.039566322031334
13,Penelope,64.20290147225725,62.948861537334736,100.0
410,Jasmine May,60.73594751082112,50.77388182940307,77.78206115219615
93,Sally Mae,58.73196266505544,52.421684256948375,59.02006784161211
59,Eleanor,59.932178300382056,68.24820582811049,83.88839997417709
325,Cinnamon Belle,59.60733159832788,76.74699644862497,42.662839940714186
369,Uma Belle,61.80496501529376,87.3376504191904,72.5910935693526
310,Nova Belle,58.35934263803849,81.84386107042887,73.69677834658361
362,Nora Belle,58.8764742950614,91.55440580454281,40.498148130339096
199,Fiona Mae,50.746020205157556,70.48666145393784,55.02620663829805
132,Quinn,68.4453158760736,94.2060269709431,84.23940177250341
236,Quartz,59.30177392329101,81.6247267315083,0.0
284,Maple,68.57832920869309,100,93.49596965419619
76,Winifred,61.23295660998595,65.82704036752186,80.93631667739581
17,Petal,65.1636571584667,67.94714426779795,100.0
308,Lily May,63.20473465462263,86.78947144619258,100.0
148,Gwendolyn,56.160784383521545,66.30408291942533,62.763865043904985
88,Tabitha,62.22144546071095,58.35505726093445,100.0
23,Poppy,66.41938195925248,87.95710452879766,100.0
222,Celestia,46.01150767807442,82.0916617866946,67.47862863190866
12,Matilda,59.602422919593074,96.79705136820185,82.42398093268879
274,Cocoa,60.01221312985683,57.84118587348577,84.72801685475343
291,Twinkle,73.625149796674,76.57979118744045,100.0
321,Yara Belle,47.731682253204134,78.34019341128102,59.61092524687037
404,Daisy Mae,66.4126496244629,89.37673468764996,80.82726400095856
96,Harper,58.15150404669359,72.89386936015845,59.00737407126234
267,Violet Belle,60.76433682268866,83.42876869884111,83.52461069033635
87,Tilly,59.464876864647984,61.89652708288104,64.75540038248161
41,Maisie,65.11546690735513,80.00123824275934,74.70516656324033
329,Gloria,58.1151229002547,46.78590454147002,80.04798167201045
100,Kitty,60.47312859591415,61.00197470375877,97.79374802628925
156,Octavia,61.2705843130737,54.86724680526982,59.49820912662032
331,Ivy Belle,60.92023615654434,67.00062593110957,87.07919241392312
314,Rose,59.2554054571949,66.49564625735017,40.47138124964739
39,Phoebe,68.23853061191184,63.79901923151304,93.48674699317641
153,Lillian,54.49199048898196,55.50359728790981,50.01521986989301
208,Ondine,72.62632602839271,44.50575853398016,100.0
358,Jasmine May,58.8725891742859,95.16786323459132,4.255439917767674
241,Violet Mae,60.38420970801015,85.3766405348305,83.19078492969925
187,Thalia,60.32548448671324,47.2725551247065,46.209972283928956
114,Yvette,65.1406242886755,60.15142876750168,100.0
5,Clarabelle,49.640340613108734,33.861249890529464,55.48211686657087
251,Fawn,58.62042685551728,81.09414302450124,58.58965464723371
71,Esther,60.71791408762513,73.16734734808979,9.616408691364825
226,Gypsy,62.65718537371461,78.52399744792979,86.24318177382722
77,Louise,59.8279692729892,59.1750062352763,17.305774433071598
269,Xena Belle,61.34581225707338,59.33950974062222,100.0
69,Cora,60.647743299173236,66.04415640485718,5.721675567880197
305,Ivy Belle,58.18453459360196,52.4933024319891,84.29091128174394
414,Nala Belle,60.40410778537589,8.111506877136,56.127973476320406
382,Heather,60.483111395423826,89.99830636729813,62.12512525672577
67,Harriet,61.273517957272404,31.86395632453803,23.86478980938031
155,Nova,60.307300702701,58.615429224703355,74.75974166519512
168,Athena,62.09952962337382,28.62047925530993,16.48477173283078
105,Patsy,60.50054876599983,96.86651050521381,62.523800388958875
180,Margo,60.74773475107421,5.575960912137203,24.31661590355249
58,Coco,60.659756234163744,88.10876460931554,61.67644245765291
356,Heidi,59.76616531865928,33.86630696343289,0.6766694672996536
120,Eloise,46.704656114331875,79.88898750471293,57.777984981208206
297,Angel,63.98545297562029,25.715709535627234,7.771587973016459
312,Pebbles,59.3196336609184,64.1963785633341,66.4355955105053
299,Coco Belle,65.50022025957969,45.41303924241914,0.0
266,Unity,60.307646028113766,20.775955686500286,0.0
165,Xena,59.781357318189656,30.584014799674566,7.41370768225957
81,Imogene,61.17097789462956,40.31159612986323,16.87390728369757
206,Maeve Mae,60.77630524344926,21.826273658559558,34.61049046781984
292,Violet May,68.02182269878482,39.07798096324352,23.548194121686763
126,Katherine,61.919810987309475,35.07172579795596,21.868079816249026
216,Willow Mae,60.74854369297249,46.37316748356644,0.0
30,Sadie,60.59273270856643,56.74719859853186,14.678608600970101
393,Scarlett,71.71785510742492,46.32455605025208,8.844825410406465
283,Lily Belle,79.68371901120743,31.87042188866961,33.59568354204245
24,Jasmine,60.73029294055565,3.2190186269681753,29.691852285351487
309,Misty,61.768873832121564,47.490946805421224,25.037989182272845
27,Lucy,59.00914444415083,49.61326511349384,22.37862459932193
56,Betty,61.90953809796606,65.11374308554109,18.78572691868777
89,Henrietta,59.96213614119654,71.98497304470159,5.369201067481448
342,Tigerlily,59.7090227227315,45.000035634261934,18.878101698181
144,Calista,60.84539438703888,61.950926998752045,21.93261941696714
307,Kalea,78.26677041557001,34.971985633780356,21.822855938501707
190,Winter,60.15405095107876,33.052189657154294,14.924230035103953
419,Sienna,60.522492811761566,34.21392078004471,0.0
231,Luna Belle,62.62957930388126,79.17102123423754,3.8812457744695905
219,Zephyr,68.2730534604721,44.887434858148616,33.41197235602148
80,Edith,59.372254017131915,43.60270134022885,27.950803222197695
85,Ruth,59.985136044554594,45.18225475757235,41.67141222258546
163,Valentina,73.62199621727959,52.69155687194548,29.40240527106997
260,Olive Belle,60.58661731090939,46.516329360629776,15.485333211369912
322,Zara Belle,60.714602355216144,48.746985550540344,6.598876689954899
243,Xanthe Belle,61.09630752588382,46.81672495106682,40.75104133755657
417,Quinn Belle,60.62814716316353,43.61735177494985,40.83631528008176
391,Quinn Belle,61.23509252205676,3.8711138684418147,59.549453918712565
31,Lola,60.073881378055354,49.86046419993227,33.427134761395976
379,Ember Belle,50.46952720634334,67.7714508551188,24.639262701125016
108,Sable,60.34492461668688,65.35941619825346,24.028749779808063
177,Jocelyn,60.75813017922229,31.87951279406796,23.408351652743086
192,Yara Mae,60.348317024179956,50.93672361783251,41.17768050664687
324,Buttercup Belle,60.4607839990715,35.72734783603427,49.300251287929015
275,Daisy May,59.514476108501654,36.739670204084206,36.64221923821166
79,Bonnie,47.78731176218015,0.14063986812768015,62.969411620993355
113,Xanthe,60.410774682813006,53.529856160638104,31.53581355452371
7,Holly,60.25044329409177,57.82403413810275,25.805711651208018
375,Acorn,59.628613593895444,28.474199006681626,36.53211232538775
183,Persephone,59.75347016028128,63.46881849941673,22.215255503030715
397,Willow Belle,60.9714977609899,59.16529163957591,11.607689919523786
127,Loretta,59.08219207070992,75.15685717263204,19.880901206900113
217,Xena Mae,61.30275449809626,50.83662969802038,19.70146529511383
361,Mia,60.7153345308827,61.842073370760765,36.48849661155864
188,Ursula Mae,60.78556302655634,76.93872304974919,1.4169724317606054
328,Faith,60.69016225170957,26.117612225398197,66.22478681736968
47,Marigold,59.31380115060211,37.60631726311014,67.40833981388917
285,Nutmeg,58.715692250005795,50.06344278234587,38.82989067697795
368,Tilly Belle,59.48013483656607,43.949170513111135,40.158636494605034
296,Zara May,60.49744544742133,48.508804597281475,14.432529818277473
193,Zora,59.73972349154523,91.12708235146457,17.72984118298581
184,Quenby,59.328397768763686,48.02573515403664,46.82625898569183
367,Samantha,59.15189567912545,61.43841467626179,25.95943300139085
337,Ocean,60.69230726156904,43.72037166126782,32.075803377257884
370,Violet Belle,60.734779316502475,46.20138385487256,25.342202352669247
401,Aria,59.23104154919869,68.7167928201363,29.97545317023558
143,Bianca,55.1328467806929,69.41028135837378,35.8259926911321
60,Nellie,60.48965265327658,58.94548238952862,24.917832326585515
252,Ginger Mae,62.3174848846232,44.598816529015394,20.00415306278976
118,Camilla,59.12531641638197,38.83600270014513,71.23725420933042
84,Martha May,60.19193319885358,26.980811741906823,62.1395140440342
389,Olive May,50.295505147881286,52.627434861185456,29.567240893017406
90,Lorraine,59.70219834621813,43.41484932882379,33.94115951652263
261,Peaches,60.89161398894503,56.883468910299094,6.556204035016549
420,Tulip May,57.6175088629712,60.066319120182825,43.43426081930175
195,Bellatrix,59.2216614131171,81.27638104732867,27.086028146669253
25,Lily,57.95102197503934,37.13192083310975,67.39631608750503
72,Nora,60.18522851904163,57.27984866245732,42.14626063965063
34,Millie,56.261699983576726,69.19409714997232,46.2008766368871
276,Echo,48.73548074505574,79.2970042854175,20.743299494994925
225,Fern Mae,58.666155650082096,47.62953920580612,41.09097666912308
293,Whisper,58.0419369869742,36.927657135756164,80.85638045574863
151,Juliana,58.02354829803195,70.15742400650767,45.21506791974581
140,Yolanda,59.6932753554598,83.14341744732234,44.09717925472032
290,Sunflower,57.54584884010944,83.7546348795662,25.575503882813127
40,Violet,59.20917143237618,62.13506778033548,43.20772383101649
380,Fern May,60.007217060282734,38.44205846628518,59.45129867788923
53,Daphne,60.772059263454594,35.574498247636576,58.52341324317557
91,Maeve,46.202176533269,89.11620023780796,31.03826692613989
2,Daisy,59.16374539802162,96.55207458643785,13.52894977654524
68,Mabel,39.853338595874924,77.05646775131838,28.639046178983996
258,Meadow Mae,60.694624164611476,38.49722669431151,46.29540999299665
157,Primrose,58.745087632391034,68.35512053385784,45.059270258595305
270,Yara Belle,59.22218058057954,78.79507560231893,46.96844052241869
125,Josephina,53.149902053795394,56.5983668704704,54.031203654485644
366,Rosalie Belle,66.0047703113517,12.383532038541492,93.41409512175214
381,Grace Belle,62.42237582724583,43.07424207580845,46.46916687817712
103,Nancy,59.51506645350231,60.940915319554854,65.84583171002089
149,Helena,57.91185819027783,44.243141773518545,76.33973358237382
159,Rosalie,59.51440040392926,94.44365570236096,20.898935320976243
3,Buttercup,59.87876344563123,23.971536510621892,84.99274923222447
115,Zara,59.40084601329096,53.942231322311216,34.535249441990814
164,Winona,52.72809891397495,42.46803067402921,39.50909855234608
104,Ophelia,60.5053219311556,83.49471310326842,48.99375351443238
111,Veronica,59.21204498474891,77.26153156590648,49.66613801050426
196,Cassiopeia,61.0716399446986,57.37454753681676,75.49006273806116
398,Xena Belle,60.31593275713304,75.20112874476646,51.80758664108431
131,Penelope Mae,61.97758772608724,91.34641456771772,28.933718004613617
376,Bella May,44.793532725393504,67.73785184594848,47.799958689618705
186,Sabrina,57.278465084802335,52.93269571098543,56.16262735447586
262,Quinn Mae,71.75553795423906,73.93858642846737,19.78591231230141
413,Misty Belle,58.93525976821185,72.64761585416126,43.444412548880564
279,Hazel Mae,60.08991583564136,30.400076168271298,69.46244013225625
286,Oreo,62.60455941470535,55.018563318690454,87.19711100544703
235,Petal Mae,56.20055326551693,69.72666590076857,50.59313505325972
112,Wendy,60.453127248382366,40.94688855986779,73.77893511511023
411,Kitty Belle,59.50329516845228,8.310092074773976,86.31479617908425
326,Daisy Belle,60.45078589353257,71.02588023299079,71.16582932709801
107,Ramona,59.39728109331327,55.41941804400271,82.56157666971049
1,Mooey,57.6837489180387,56.7780785919256,62.90021199141762
246,Amelia,60.42385935882084,60.38641347559495,51.064332055366144
54,Fern,60.65518130602351,83.34626587096811,24.9690887382335
207,Nyx,62.77589575724416,86.73365641643139,19.03778479137982
338,Peaches Belle,60.36719763296329,49.866796656361856,45.95590135962522
181,Nia,59.75664685291982,60.66024765776535,32.014312373863035
205,Luna Mae,63.96046733194676,50.60463150549343,78.40569668770323
182,Olympia,61.09152836628181,95.94328129337661,45.04129195627968
372,Xena May,48.92970002302415,52.394083619710784,73.37820915990186
62,Rosie Mae,59.563645821685455,40.65690565162095,72.02024036451519
128,Miriam,59.77175218510642,69.09040505136156,39.740317769883426
387,Mila,58.54543416655202,78.34367623306439,25.74279224472561
213,Tara,60.40644116999554,21.438039145689135,78.19061911754267
313,Queen,51.199872142161176,94.6214763245198,50.20795771193847
135,Theodora,52.38800774726467,48.34818201544556,76.45981606398061
220,Amethyst,62.60496189802717,47.36984813506986,73.02536624280881
303,Grace,59.11794875659229,56.652466798002,56.20330623245677
333,Karma Belle,55.5606162026278,55.28949426822841,54.434099157928024
191,Xanthe Mae,60.246636176956265,86.4430293480235,18.430176481509886
141,Zelda Mae,72.17019773529287,63.93909236443429,87.25394864866774
250,Ember,58.86127600686503,69.78760703357368,73.96190964377153
55,Opal,62.61539567885455,68.11585231544692,68.90968519657295
383,Ivy May,62.102741784840724,73.7588024153974,74.00557285283818
268,Winnie Belle,56.925583967067325,98.10401111403752,33.88653112230915
204,Kira,57.671975560334786,66.9653895727225,47.03755901577599
339,Quinn Belle,59.77629448785872,92.92906874999636,58.3443966010704
371,Willa Belle,58.915186145309,75.2910174134924,41.55773205838507
289,Rainbow,61.86559401892019,100,63.07053977352753
33,Elsie,61.728121968963634,67.97826346776417,88.36175572652343
416,Pansy,61.17037817018702,93.99038710641875,48.14920359261788
74,Willa,59.81317822127681,67.02273889433238,52.45731274570316
174,Guinevere,58.668150205871996,44.481375841434684,69.81785447053346
110,Una,61.53157718681573,73.5391906619322,91.95578198280276
175,Hermione,65.69859289847341,78.12340138440928,78.76899887271583
209,Pandora,60.745239267635306,83.84425167308905,59.45635231930545
15,Hazel,59.139144676419356,55.871140673944545,83.0274258777744
224,Elara Mae,64.5497954683057,97.19066312323184,69.60176582284927
38,Beatrice,58.98998367997615,55.14301981040835,65.50010887472308
44,Georgia,64.16114010136931,64.77499126572661,100.0
170,Calliope,59.08595101498875,65.88063601176049,78.24874768844333
101,Lacey,58.6895854857431,53.21838264994825,85.37359925655221
20,Ruby,60.986236819078165,55.94603893905571,69.68823671458182
167,Zinnia,59.450964335944754,39.446124598287035,81.32026840070057
129,Natalie,60.9104619820569,78.13340844212088,86.25910683365714
259,Nala,44.30064563295518,98.06001749606071,46.34167829929327
347,Yara May,58.22018343249556,94.35067336428376,32.07053580691137
377,Caramel,80.89005823028579,94.8875954201396,25.05239339858086
106,Queenie,61.74407245503205,82.81248414081207,85.81188736729314
363,Olivia,60.5723535874286,62.39123699984097,87.82839956076917
350,Bella Belle,65.22198057075718,86.65717927589267,76.7772766172232
221,Belle,60.21417034418041,60.41191891887702,66.95338159083224
352,Daisy Mae,60.13272555335866,92.61243918328779,52.75976059746103
138,Waverly,59.164296302347516,93.85104064151992,34.56253840356732
346,Xena Belle,58.06413995914509,64.61963342432337,91.85173592469657
70,Ida,56.63355911320365,72.71592392565212,66.91992448956634
386,Lavender May,60.36129994332676,37.537072905806646,100.0
109,Thea,58.85271345422421,45.591906763821555,86.53163508648117
406,Fiona Belle,61.10578017437429,82.14069411808572,43.529214416016046
