306,Juno Belle,72.03726972191767,92.88471300235945,100.0
208,Ondine,77.68763810256563,100,100.0
114,Yvette,71.40919593662603,95.81385837655348,100.0
360,Lavender Belle,85.04825733255268,88.67147102602043,100.0
132,Quinn,69.53164398304573,96.98626264016046,84.23940177250341
308,Lily May,73.02400766428133,98.24398026830502,100.0
12,Matilda,67.67724038871971,88.03724486031896,82.42398093268879
226,Gypsy,66.5539907150069,98.90928475191147,86.24318177382722
110,Una,61.90584420262551,70.92579923573274,91.95578198280276
64,Flora,71.961588691622,76.36409639980018,100.0
23,Poppy,74.65978602690022,78.13011748569657,100.0
312,Pebbles,61.13138633884439,87.66204772152373,66.4355955105053
319,Winnie May,60.46974232587207,95.91078110953204,56.841696987854235
44,Georgia,67.40757684263791,86.10126150915997,100.0
39,Phoebe,68.35436288330179,73.20692821712387,93.48674699317641
41,Maisie,62.16520546846346,73.64351690247251,74.70516656324033
310,Nova Belle,64.4554869800166,72.04705811678457,73.69677834658361
241,Violet Mae,61.666704099770556,93.06025030631255,83.19078492969925
404,Daisy Mae,63.727154521800344,85.1550938889938,80.82726400095856
326,Daisy Belle,60.35756892275339,68.75746760517653,71.16582932709801
182,Olympia,61.11355109002401,97.21283181292186,45.04129195627968
284,Maple,77.75155523285362,86.01721012070833,93.49596965419619
179,Lavender Mae,62.124666991096774,74.769322738105,88.81613331216437
383,Ivy May,61.497343436253765,60.560338062956774,74.00557285283818
278,Ginger Belle,66.76302254671666,87.25302228738713,76.94190767875007
161,Tallulah,60.03038236289728,70.71605595264157,94.24673690282782
268,Winnie Belle,60.552769617953324,91.10183287225621,33.88653112230915
250,Ember,61.88909749988769,87.78719236678491,73.96190964377153
19,Pumpkin,59.24289786875257,53.80698403231327,71.28135316156802
160,Serena,60.001630791857345,60.74018534449032,93.73423125138618
287,Pepper,57.97394780495751,95.56337361652771,28.306458343693116
135,Theodora,49.73065032647454,46.025285574137705,76.45981606398061
155,Nova,61.99976048907547,91.71290722256803,74.75974166519512
162,Uma,59.203222805639804,85.97374874405982,60.039566322031334
280,Iris Belle,60.7146146468323,74.89485031700359,42.32588377270336
398,Xena Belle,59.33252425599507,67.5903783962491,51.80758664108431
291,Twinkle,70.16210172674418,58.68503704079373,100.0
106,Queenie,69.34851393386627,94.35219613583956,85.81188736729314
178,Kaia,60.23882758203127,65.1278049652695,46.41912251740441
15,Hazel,64.38698921842783,78.91015562546333,83.0274258777744
316,Trixie,61.528570943171694,85.36446986832166,61.59851206549226
153,Lillian,57.95000633986152,57.51889454750698,50.01521986989301
357,Isabelle,63.394966279649594,100,67.62296658551571
40,Violet,60.25959174476866,96.30132329944897,43.20772383101649
207,Nyx,60.30284701312156,84.0488860046526,19.03778479137982
386,Lavender May,60.20647520790122,46.01394586679725,100.0
388,Nutmeg Belle,60.130518038453914,60.470187334491904,22.95690277417993
374,Zara Belle,62.81715301363347,93.36748738996316,78.53555805338056
358,Jasmine May,61.13379084171415,85.82378323875818,4.255439917767674
14,Fiona,62.19931316174157,97.8475647326874,62.433280941281716
145,Diana,60.09921549842924,53.71767008637106,33.34190354647399
247,Blossom,61.13630149732699,94.38532308497832,81.38329008170857
370,Violet Belle,60.6296453664506,55.0872458998977,25.342202352669247
239,Tulip Mae,65.07198953374782,78.60344219108994,88.50945447616668
30,Sadie,60.15673669650413,58.53602274699056,14.678608600970101
253,Harmony Mae,58.60569015961603,94.42280686867682,48.715729223308855
144,Calista,61.71608368861874,43.75793564173405,21.93261941696714
408,Heaven Belle,60.976593990310796,33.39318514355194,27.277996043903663
86,Sylvia,61.22713772725675,17.029569906903937,43.49961150814799
327,Ember Belle,61.11508119689538,77.555826763224,71.9302137439784
379,Ember Belle,60.702059038750434,24.767705552289073,24.639262701125016
87,Tilly,60.97377007471359,73.4715243017852,64.75540038248161
343,Unity Belle,61.08088622323012,26.142545585810367,15.36187343500719
352,Daisy Mae,62.303303619467755,94.09078317435763,52.75976059746103
415,Olive Belle,60.82978232734214,23.783712416545207,0.0
409,Isabella,62.5168674777846,95.43419123414428,61.68529227270035
266,Unity,66.9830838405567,13.148457721949175,0.0
74,Willa,61.479470182199634,92.00404584381393,52.45731274570316
405,Ember Mae,64.20444411112574,1.1287091956385704,19.147446298770948
10,Molly,61.01277236329483,42.955350284424135,8.581105505706333
336,Nala Belle,59.38660041854436,60.47992519020422,49.966403303121105
255,Juniper Mae,66.43151194389951,21.698084499508376,0.0
260,Olive Belle,61.17429498580751,35.711502079991966,15.485333211369912
168,Athena,61.205020938378,3.586742675366759,16.48477173283078
252,Ginger Mae,61.114620534644814,30.665593414918526,20.00415306278976
337,Ocean,60.40932237706832,19.895407114491384,32.075803377257884
130,Odette,65.70665487693408,38.971795483952285,0.0
165,Xena,68.75621179840759,2.786168892806293,7.41370768225957
45,Delilah,61.36635519183408,0,59.887233108014826
48,Delia,61.751598758119094,60.04454105685475,13.824862151210986
147,Faye,66.81263229374011,50.993219008689614,0.0
49,Juniper,61.20718255453773,40.31190223062294,39.341617018442115
11,Ginger,61.90209817410437,56.74259100040555,10.766411349424544
394,Tulip Belle,61.08844002073414,11.013299130122588,46.99644908153687
332,Joy,61.22784811183887,26.48582359967444,11.614157629266245
180,Margo,61.475837224202884,12.639052351613602,24.31661590355249
324,Buttercup Belle,59.82835477608634,35.85097699919011,49.300251287929015
192,Yara Mae,60.0342733618114,38.95908186103237,41.17768050664687
115,Zara,60.87253507293387,31.880268870026708,34.535249441990814
380,Fern May,60.513427463366,21.228876165934278,59.45129867788923
212,Stella Mae,60.54579741564412,82.06271118248215,0.0
244,Yara Belle,60.56746669369802,60.21198188896034,21.309581602815385
338,Peaches Belle,60.28844332778497,14.302409166561958,45.95590135962522
381,Grace Belle,61.672521014616414,38.55926367059936,46.46916687817712
201,Hera,60.32734399475673,8.696182436584467,50.31917041608622
298,Bubbles,61.02334920817035,18.44792614082121,65.14729604646709
163,Valentina,60.21962660498878,50.36731886813444,29.40240527106997
32,Annie,61.16501201488753,52.664345733896596,22.738191203080763
344,Violet Belle,61.50941375802963,8.633874938169406,24.486632464815237
257,Lavender Belle,59.872627444470304,77.11879108616228,15.618533889861986
333,Karma Belle,61.53782864880461,30.14293138333945,54.434099157928024
137,Vivienne,60.5230036620087,39.66838780992188,40.71937867572966
22,Clementine,60.95912916685315,13.392666102603002,54.39456457684616
31,Lola,60.66697597934408,5.5087290940590465,33.427134761395976
63,Gertie,64.05083096481086,12.943028852051565,0.0
125,Josephina,50.101165929262926,37.86213328526412,54.031203654485644
65,Gemma,60.68133091216234,44.4518781321971,41.358168167645324
217,Xena Mae,60.44405317645893,51.402519695002894,19.70146529511383
216,Willow Mae,60.58198779647863,51.11382535739233,0.0
345,Willow May,59.912840754238466,7.379103940816164,34.83927764157668
194,Amara,54.87927945567269,27.94137245826214,73.80678807548284
37,Winnie,61.26375854621997,94.21934183146497,1.3813068620934246
164,Winona,57.10436543245771,51.33345848985025,39.50909855234608
188,Ursula Mae,61.41370265689982,81.59439716782704,1.4169724317606054
215,Vesper,61.84863091758166,69.07843721350966,0.0
122,Genevieve,60.4701758454224,5.515772227645549,54.014256856812516
400,Zara Belle,59.855723010108065,43.028121873067526,53.10304243145749
218,Yvaine,59.383390846416425,16.727133605375744,84.31000082936953
119,Dinah,57.111381468729036,39.329074232549154,57.0831509441794
108,Sable,60.50353269095492,44.608025907456394,24.028749779808063
206,Maeve Mae,60.49297285602118,19.530915744184078,34.61049046781984
263,Raindrop,56.99366468328303,60.49542589024808,52.83656055695951
131,Penelope Mae,59.92552568370847,69.66251616733015,28.933718004613617
53,Daphne,60.292180812205594,39.5574774612003,58.52341324317557
391,Quinn Belle,61.39946825185271,27.52365520115633,59.549453918712565
75,Adelaide,65.42068940733564,16.601032797067514,34.52114947546283
77,Louise,61.045697807634156,20.728171606550124,17.305774433071598
142,Aurora,55.7209421050422,40.96712694534648,67.13559405579488
203,Jade,60.04746456896464,49.47457895092821,51.06688287935686
25,Lily,53.102341117024494,45.13634903192513,67.39631608750503
81,Imogene,60.407883444248526,41.642455635691945,16.87390728369757
313,Queen,55.72396014918159,59.424161249803454,50.20795771193847
234,Olive Mae,60.394989589361884,58.33481756581148,17.05893551177852
46,Honey,60.711475411833696,54.87629607344492,5.477288364812608
128,Miriam,55.585549190778536,67.17449180094873,39.740317769883426
238,Star,49.758538630460905,61.88753804616827,43.74397359810099
143,Bianca,56.611887029976174,45.52320284971509,35.8259926911321
134,Seraphina,60.61839402599989,35.20352410766698,37.460697623584096
334,Lily Belle,60.47106988269278,44.748533723998406,22.843629417852917
21,Willow,55.45146565853855,57.052263010814954,55.77480390178067
220,Amethyst,58.79819394830045,26.667908611306068,73.02536624280881
50,Martha,58.26058609259246,68.6910802532342,28.50151088703295
80,Edith,60.88667944025863,64.31028470477243,27.950803222197695
385,Katie,60.99705930886668,28.028732173691655,44.741786867929505
69,Cora,61.30401388939737,60.68103301184968,5.721675567880197
281,Jasmine Belle,61.48163180860609,18.67664066326733,99.43826208035486
172,Elara,56.02565117891205,1.0175589392752302,100.0
4,Bessie,59.94623810626112,24.34373793878605,65.83556781226909
276,Echo,54.305973259831134,60.583737033019766,20.743299494994925
292,Violet May,60.70557728019354,49.90936585635373,23.548194121686763
58,Coco,59.888996994102314,67.83521455054711,61.67644245765291
251,Fawn,60.65390889940838,63.64180235098516,58.58965464723371
359,Kara,60.23539205305455,15.269316227105577,100.0
320,Xena Belle,59.96622025862858,34.50438138941778,68.33565059190789
118,Camilla,60.450004695398086,22.116509379834973,71.23725420933042
375,Acorn,60.15237742716778,36.8047475231908,36.53211232538775
47,Marigold,58.579451463321135,44.94615482441033,67.40833981388917
43,Olive,60.425359018905105,59.77611828881531,34.546375336127326
7,Holly,60.65176563583904,65.69307995802778,25.805711651208018
265,Twilight,60.073715488667055,40.495870165114766,44.50802778887333
351,Candy,59.43810960481566,54.776210050915644,74.42555645829133
138,Waverly,57.13337442367523,83.72894326280446,34.56253840356732
361,Mia,61.08187875983614,54.97527221342029,36.48849661155864
6,Clover,60.33492506717254,77.41644091016846,51.86477637845585
8,Rosie,61.24573185457735,68.70555274450676,60.83725175609225
317,Utopia,58.01934944554021,60.15201548981361,62.73102323906643
154,Miranda,59.904613333420535,44.10768887308305,68.74326646130689
249,Daisy Belle,61.048743496062784,44.83213168664751,51.477786259373474
401,Aria,60.11776125148055,53.44852598738906,29.97545317023558
331,Ivy Belle,61.76406360864534,48.48884425119922,87.07919241392312
173,Felicity,59.391645412740175,76.53713000506654,40.98332148826616
416,Pansy,58.72869273182815,61.88777449878703,48.14920359261788
152,Kiera,58.653359017539245,72.58879913050531,35.937992469871375
335,Meadow Belle,59.65815711035861,82.55122935256739,19.47523582724499
38,Beatrice,60.0085156303008,27.324180160818084,65.50010887472308
52,Tulip,60.24529805134234,83.21709326441368,2.009997239864056
354,Felicity Belle,52.78289203800683,72.74504233555297,55.41818738776739
33,Elsie,58.77462490828636,40.34420365652774,88.36175572652343
318,Violet Belle,59.91300854688182,97.5082114957881,17.390075351307573
258,Meadow Mae,58.03099530056604,66.4833351144672,46.29540999299665
254,Ivy Mae,60.28746892230715,38.01812652198235,64.35836122310374
348,Zara May,61.828007151247185,84.96973157670794,55.771206651915946
139,Xiomara,60.46416210354492,33.989992971707565,100.0
34,Millie,61.644026602536634,83.23156185834053,46.2008766368871
390,Peaches May,60.10660938154439,29.839443136019042,29.520965294895742
227,Holly Mae,63.23727242698122,49.745781348661936,38.376739168508
3,Buttercup,59.01065953089535,49.915905334360396,84.99274923222447
197,Daphne Mae,62.04895510418349,45.01164218083927,94.54234477676545
196,Cassiopeia,58.042943868803526,42.40199034419432,75.49006273806116
103,Nancy,61.263730000813176,41.60068001576919,65.84583171002089
70,Ida,59.49515600771085,36.00737716923408,66.91992448956634
228,Iris Mae,59.94471800777147,33.008940902499965,64.18035659020902
221,Belle,61.0586840335307,69.60704576951427,66.95338159083224
222,Celestia,62.14289140866379,73.14213621418148,67.47862863190866
286,Oreo,61.78910186573585,48.729202128083834,87.19711100544703
259,Nala,51.896833597376514,81.85088198907144,46.34167829929327
305,Ivy Belle,60.84597472457257,37.243324274012174,84.29091128174394
290,Sunflower,60.86314969928642,92.08661532105344,25.575503882813127
57,Daisy Mae,60.595316845102325,94.05990295993097,58.528285781907265
117,Brigitte,59.93236819734006,83.4957257791793,43.94085861133597
315,Sky,60.02568824105355,92.61083956386445,26.390064946713814
274,Cocoa,61.34989450883701,58.51309497571939,84.72801685475343
229,Jasmine Mae,58.506905473336666,76.35456963939984,68.15093426404738
107,Ramona,60.82130889201369,34.99553370595879,82.56157666971049
328,Faith,59.646367094781525,46.43584978240644,66.22478681736968
224,Elara Mae,70.97691387188267,93.01348579928407,69.60176582284927
175,Hermione,60.24176341193911,76.17389665846778,78.76899887271583
146,Evangeline,59.21602127713747,76.73044419464938,71.0477725744291
363,Olivia,58.40813527791481,35.52487622207914,87.82839956076917
18,Dottie,59.98397308814988,49.26597155283321,62.74886744314247
225,Fern Mae,59.979173085809116,67.39570215915236,41.09097666912308
321,Yara Belle,55.40426290247344,70.65053732442357,59.61092524687037
157,Primrose,59.90884376845494,82.51980152972803,45.059270258595305
347,Yara May,59.51558394752797,90.46789799104991,32.07053580691137
366,Rosalie Belle,61.43504221844153,42.030250419439774,93.41409512175214
382,Heather,59.818496001766256,67.55118004662624,62.12512525672577
156,Octavia,60.13506950692109,49.53208165238724,59.49820912662032
55,Opal,61.545317406090476,90.78023982586468,68.90968519657295
412,Lavender Belle,54.710942436026784,68.85589445095657,69.6838186607624
210,Quintessa,58.57636303719409,58.267529865811206,70.05771480782352
300,Daisy Belle,61.2149259669093,62.1902225174736,100.0
289,Rainbow,60.44794251324859,83.7336046155206,63.07053977352753
140,Yolanda,60.36357731331176,76.83481293517967,44.09717925472032
158,Quincy,60.178489525143554,66.41287347598889,46.49556087716784
100,Kitty,66.43726422092804,73.55370430389749,97.79374802628925
170,Calliope,59.26185472006851,67.64709242500427,78.24874768844333
269,Xena Belle,61.254611487661535,40.18303287876574,100.0
372,Xena May,54.72044243142004,59.93085923351803,73.37820915990186
13,Penelope,65.00301786820063,91.64551217960621,100.0
17,Petal,67.00160661725434,73.05408813427366,100.0
392,Rosalie May,61.71327108388102,45.84500750489568,100.0
59,Eleanor,64.40092719404964,80.90858623961357,83.88839997417709
83,Lavender,60.21922926366873,85.51110719455954,70.3181508235252
129,Natalie,61.091557670607905,72.33133357428774,86.25910683365714
199,Fiona Mae,62.33879892856306,89.5739564219181,55.02620663829805
209,Pandora,61.11776737811526,78.73122090850303,59.45635231930545
364,Paisley,60.004332892937164,94.37998745671553,33.806393195396375
314,Rose,57.89613280619062,84.7330915117677,40.47138124964739
353,Ember Mae,60.078137316201385,20.293308760048642,100.0
323,Apple,59.107792378631565,95.28164860585902,18.92668971664962
193,Zora,60.24130995177738,92.223295223639,17.72984118298581
183,Persephone,58.79695547075855,79.85434047938112,22.215255503030715
191,Xanthe Mae,60.36252599982346,80.36790317975704,18.430176481509886
123,Hannah,59.24184479963598,63.501230083631995,31.42036942324798
330,Heaven,61.07144255644785,19.200041168290547,65.36485530721502
340,Ruby Belle,60.135833442106026,24.641719579985605,54.72755380525175
373,Yara Belle,60.471175893652784,78.5207124879845,0.0
309,Misty,61.35470045791791,45.55610973861615,25.037989182272845
159,Rosalie,60.33892784188202,42.25528990200581,20.898935320976243
184,Quenby,61.80744089704941,6.974545631934157,46.82625898569183
176,Isolde,61.945589895223165,32.01124388250905,14.754022763006404
322,Zara Belle,59.90872951706094,26.28938559095365,6.598876689954899
297,Angel,67.23183971395052,0,7.771587973016459
296,Zara May,60.1346274452448,13.357077031849624,14.432529818277473
355,Giselle,62.468921414307715,46.952675689008565,0.0
419,Sienna,64.13980962708041,5.7488981220386295,0.0
169,Brielle,76.76030250685422,50.324410483698365,3.385035494074316
261,Peaches,61.02600356761613,38.26462677515162,6.556204035016549
126,Katherine,60.242355535826505,9.534500106114276,21.868079816249026
414,Nala Belle,60.817916342821725,6.765587812143048,56.127973476320406
9,Luna,61.63524915982106,31.400464896305554,0.0
396,Violet Belle,61.36485900531415,20.34845730847853,35.171432034743646
349,April,61.75460274233179,36.49437166604127,32.71759918431782
275,Daisy May,59.95490523804546,19.78377992449966,36.64221923821166
177,Jocelyn,61.32714689145947,46.61225627866909,23.408351652743086
211,Raven,61.30432010577511,56.36047474319612,0.0
299,Coco Belle,61.34912352413727,55.59723289665212,0.0
198,Eowyn,59.13394269560576,54.866390488937085,33.753344564485104
102,Magnolia,60.82876355125583,61.90504503366044,7.921143474914004
187,Thalia,59.79494330748861,31.811210132785288,46.209972283928956
127,Loretta,61.03760435293095,43.07164338050064,19.880901206900113
72,Nora,60.38480029801052,46.94968646767319,42.14626063965063
68,Mabel,55.07304383431378,55.789621727562675,28.639046178983996
85,Ruth,60.593906374240206,35.45819033240626,41.67141222258546
283,Lily Belle,70.18741377925139,38.779142028889396,33.59568354204245
393,Scarlett,62.467423385586976,56.63158234402977,8.844825410406465
417,Quinn Belle,60.285721588258305,15.355594726679447,40.83631528008176
245,Zara Mae,60.53438791524554,80.10273166523683,0.0
35,Pearl,59.55410151709334,53.49881261057846,34.254133574949975
420,Tulip May,62.04179888827995,39.8803143627121,43.43426081930175
311,Orchid,60.025442528942506,54.08693941258953,24.16235889112957
67,Harriet,60.39168781072576,39.32730617303932,23.86478980938031
243,Xanthe Belle,60.543690678759994,15.133069527746365,40.75104133755657
288,Quinn Belle,62.063792798178156,33.04788924069141,3.147774877120497
365,Quinn Belle,58.951916551909825,90.91718833054512,3.791541369162779
389,Olive May,60.40477723147026,57.94993316008407,29.567240893017406
73,Hattie,60.1668332841864,60.43038323134228,23.95723373524257
90,Lorraine,59.71466890586376,43.294030165069145,33.94115951652263
97,Harmony,61.6008920424513,39.65465349809025,25.832220196136294
240,Una Mae,61.628617495989296,57.365072394618664,0.0
342,Tigerlily,61.59222004983313,16.51382295116214,18.878101698181
92,Prudence,60.922421989618314,71.92917354215949,16.964836003282628
397,Willow Belle,59.49212959312405,83.43190994681021,11.607689919523786
237,Raina,59.945936004777735,56.5217325124277,31.03886781510989
71,Esther,60.19152150040574,74.70592035454337,9.616408691364825
402,Bella Belle,62.768208856319326,58.8907221468052,19.48989101302382
285,Nutmeg,60.634160581639414,24.463967101142646,38.82989067697795
407,Gloria Belle,60.19838050461365,50.67516314013818,4.960921172618185
214,Ursa,60.6167117604032,34.01180017594905,9.93529163521034
271,Zara Belle,59.384097022978786,40.68662631050235,52.48133991718692
231,Luna Belle,60.12450802791649,84.8830457144304,3.8812457744695905
24,Jasmine,58.6774745283336,3.8980557476627036,29.691852285351487
171,Dahlia,60.32801391086911,76.2613382077516,17.153754461222654
20,Ruby,56.83548567181184,29.132836483646066,69.68823671458182
82,Josephine,61.530669674879114,52.02790128191471,42.954418352005376
219,Zephyr,61.52561855360775,31.851277930978465,33.41197235602148
307,Kalea,71.61947751132436,18.037307989077604,21.822855938501707
42,Minnie,61.274357955083424,77.8609931486033,0.0
89,Henrietta,60.9957018457485,65.10831284756297,5.369201067481448
262,Quinn Mae,61.40018321798258,43.211621829344004,19.78591231230141
356,Heidi,61.39040325785187,38.615588948254576,0.6766694672996536
186,Sabrina,60.21598835341365,44.4920213098626,56.16262735447586
233,Nova Mae,60.36086354573187,88.75763250995975,0.0
248,Cinnamon,60.47015725971773,81.74600180711047,0.0
236,Quartz,60.254971491332135,70.81760815962019,0.0
167,Zinnia,59.76377494177137,29.388638851951743,81.32026840070057
109,Thea,61.08115004144688,11.905967176489233,86.53163508648117
150,Isadora,60.942455800737555,16.854702698848595,66.69281074927311
26,Bella,61.05802208313093,25.236713854580586,31.330844031317223
79,Bonnie,53.246759457251336,35.13496748578443,62.969411620993355
302,Flower,61.18470016332948,31.338955418604478,38.10144918003114
272,Amber,58.40687379802219,48.815801865528506,61.25863738923675
341,Sapphire,59.85511957064707,0,100.0
403,Cassie,60.662896936092764,40.092779186553415,48.735372461738535
149,Helena,60.791501962208486,6.4741621438292105,76.33973358237382
223,Dahlia Mae,61.34866413870279,66.25738471404946,11.52322953465346
242,Willow Belle,60.518485582456584,46.40713475247286,18.83247961057288
84,Martha May,60.191778598099994,53.3535308287143,62.1395140440342
406,Fiona Belle,59.32543878908845,66.20474311278592,43.529214416016046
36,Rosabelle,57.848474348835545,100,4.744572594701708
213,Tara,60.490048172520936,21.966230687425234,78.19061911754267
78,Agnes,60.76235029943297,39.90086001390416,55.47399935075492
279,Hazel Mae,60.25166001190986,46.22149057680321,69.46244013225625
205,Luna Mae,57.95037015175544,31.62877931837518,78.40569668770323
96,Harper,59.88168215265936,45.49739295067318,59.00737407126234
190,Winter,60.880301575942575,61.72653284854722,14.924230035103953
304,Hope,59.24882039072801,75.84587557919602,38.6102430672202
95,Gladys,61.05418704130038,47.96597834667843,51.15944957964427
5,Clarabelle,58.18943083273179,26.84638749241795,55.48211686657087
273,Bluebell,60.714183671017764,34.22073295239651,42.899831224959705
76,Winifred,59.68075131500323,51.1115163594514,80.93631667739581
91,Maeve,44.385800070492294,93.68728449075117,31.03826692613989
60,Nellie,59.43532674565706,80.74393086309284,24.917832326585515
93,Sally Mae,61.02219244259024,30.718617456398597,59.02006784161211
28,Charlotte,58.82409974152498,80.66914697129239,38.726241568837295
362,Nora Belle,60.00502432266467,85.22294918020103,40.498148130339096
62,Rosie Mae,60.616017197193855,39.036411488297375,72.02024036451519
384,Jasmine Belle,59.92125457344415,51.293748930389434,50.625622569234515
411,Kitty Belle,59.3340134557283,3.169645740001627,86.31479617908425
293,Whisper,59.361884821946475,43.85624304885637,80.85638045574863
66,Ada,61.10229835690123,77.5506938203868,26.47595633654711
16,Freckles,61.79995072262639,57.726334059035345,35.369430223693115
113,Xanthe,60.08711688945747,50.42404454692192,31.53581355452371
368,Tilly Belle,58.359067264150234,86.41864592095719,40.158636494605034
295,Yara May,59.307313028854296,47.05588949275737,82.50003901686537
387,Mila,57.184053984839416,90.30089701707588,25.74279224472561
294,Xena May,60.61590626312276,91.76148628892352,19.302116184787142
303,Grace,59.40380326475692,43.68841906258724,56.20330623245677
399,Yara May,59.044855370641656,79.60046507207588,13.82461071959603
181,Nia,57.725741402780145,55.79056932907572,32.014312373863035
111,Veronica,61.34777655520007,87.43198079044424,49.66613801050426
371,Willa Belle,60.25499301277511,85.01490424659661,41.55773205838507
235,Petal Mae,58.32681670162778,64.34273736815665,50.59313505325972
29,Stella,59.257940395232666,23.4665575074835,77.16827856008821
56,Betty,60.11430328901951,63.333537349266116,18.78572691868777
166,Yara,59.858192092148975,46.01054189576627,81.61806503634088
325,Cinnamon Belle,59.9718453369981,78.1475449193491,42.662839940714186
136,Ursula,57.930748607301624,52.47289738687484,62.54099039497112
301,Ember Belle,60.5159609084,85.68086614706361,25.147697336230507
195,Bellatrix,58.066627307496056,73.33594574313506,27.086028146669253
151,Juliana,61.02990957350234,100,45.21506791974581
189,Vera,57.9049695516344,73.65130282400631,51.05602499834644
133,Ramona Mae,60.255547621244006,66.75129085647875,47.22545831209767
112,Wendy,60.21686450248957,35.902471085946345,73.77893511511023
27,Lucy,59.61319928590273,66.2328313503499,22.37862459932193
101,Lacey,58.64256650549222,47.97335723673032,85.37359925655221
270,Yara Belle,60.86520663437413,93.86784836708645,46.96844052241869
378,Daisy Belle,60.40834462864409,52.519256074077425,80.42382997193312
204,Kira,59.744959968938744,71.5434316663291,47.03755901577599
200,Galadriel,60.22665564144625,22.744873266044234,77.08276367147224
339,Quinn Belle,61.61045567187542,93.27099921937346,58.3443966010704
148,Gwendolyn,60.14875409901125,68.8552843139991,62.763865043904985
277,Fern Belle,58.64947360435719,100,21.493692509974903
376,Bella May,46.407152830535615,67.2210696010269,47.799958689618705
282,Karma,58.14534087999066,78.16826636825445,32.60952815841711
264,Starlight,61.27289252157236,90.50936819999502,60.33637488396256
367,Samantha,59.555876778552424,96.30813244853401,25.95943300139085
121,Frances,58.43700782826596,75.43446446095943,44.3811902292643
410,Jasmine May,58.45460055102182,31.591643685558445,77.78206115219615
369,Uma Belle,60.081138107537186,79.44368861610971,72.5910935693526
418,Rosalie Belle,61.72302216082823,84.97172933779365,59.39709289252882
61,Zelda,57.267378305653196,89.51620438254697,47.11504523133881
94,Dolly,59.824468550747355,98.89740631722199,27.76148907866112
202,Ivy,57.269635415696065,41.28118585777923,72.30880662309471
2,Daisy,60.86933185139411,96.92944902322498,13.52894977654524
230,Kismet,69.8622258307099,61.571288417038275,99.06315715984539
346,Xena Belle,61.49463365690917,66.58613927370686,91.85173592469657
104,Ophelia,60.37185292554348,93.80979397269401,48.99375351443238
185,Rhiannon,60.96350962142715,70.25114755280404,67.23599450376925
105,Patsy,61.70614834895236,91.54967893567327,62.523800388958875
88,Tabitha,59.65877957894689,50.25678531606892,100.0
51,Greta,60.55117286761906,43.70845600706709,100.0
116,Abigail,55.81665586735467,56.48694448051826,75.59046550149935
99,Juno,59.06526296833094,60.59264256939289,61.29993186726804
98,Iris,51.27635879406784,96.85494861503165,18.20419794023262
329,Gloria,61.66902105022844,69.40922420900608,80.04798167201045
120,Eloise,58.173782359541065,72.94346728928092,57.777984981208206
174,Guinevere,59.41509194604262,55.55157277015244,69.81785447053346
246,Amelia,58.72109474065856,70.71041021045376,51.064332055366144
54,Fern,61.246018409437305,85.31998744011436,24.9690887382335
256,Kaleidoscope,56.593796848496964,73.30988935401746,59.20861935349502
1,Mooey,60.53145928721667,63.58324700481849,62.90021199141762
377,Caramel,62.4611350030135,94.83799304927476,25.05239339858086
141,Zelda Mae,67.81190804937354,87.42271855126472,87.25394864866774
267,Violet Belle,65.07822272543744,88.20431331905536,83.52461069033635
232,Meadow,60.325379917869476,68.72237775645128,80.33564097704574
124,Ingrid,59.878482889188184,53.62878516722602,100.0
395,Ursula Belle,59.79240879693641,67.37774635742862,71.41447896866025
350,Bella Belle,59.290001339583384,71.53675833309212,76.7772766172232
413,Misty Belle,56.69250481036981,84.64575817108822,43.444412548880564
