284,Maple,67.8676961218547,91.34498809337519,93.49596965419619
132,Quinn,63.531368115600486,91.23524667226002,84.23940177250341
23,Poppy,64.13457162251355,76.96926439553823,100.0
64,Flora,62.59982375602609,70.8745634822834,100.0
360,Lavender Belle,79.0277349633561,73.93430060209477,100.0
44,Georgia,61.23368407272765,64.28923435566796,100.0
88,Tabitha,59.678618579819464,63.24516407088545,100.0
179,Lavender Mae,71.29588058006635,72.73538313071262,88.81613331216437
39,Phoebe,65.26079732633607,70.3709584410524,93.48674699317641
331,Ivy Belle,61.04583802012027,68.38240107091822,87.07919241392312
226,Gypsy,61.10553616212485,69.40883966850505,86.24318177382722
13,Penelope,64.92071082520474,79.5681868140192,100.0
19,Pumpkin,60.525492443433805,76.81985503871013,71.28135316156802
341,Sapphire,65.21375597723238,51.79276923031445,100.0
110,Una,57.282479175844415,70.24693268917846,91.95578198280276
382,Heather,56.547181997183614,76.3166087284412,62.12512525672577
399,Yara May,63.15043355721745,72.8235526415256,13.82461071959603
55,Opal,58.42918341393231,68.43833190046468,68.90968519657295
411,Kitty Belle,60.945466144494695,47.32612411622349,86.31479617908425
291,Twinkle,70.15443121238744,70.03257926076513,100.0
34,Millie,51.437793503174916,85.11456488661709,46.2008766368871
83,Lavender,59.30202631666139,57.40546583471894,70.3181508235252
106,Queenie,60.764133181605345,75.0572103288513,85.81188736729314
38,Beatrice,59.306448884998375,58.298317332093106,65.50010887472308
20,Ruby,55.9160172301565,59.54049595826732,69.68823671458182
286,Oreo,60.623898364564475,69.61760202161676,87.19711100544703
362,Nora Belle,57.26396267797096,77.36409962254699,40.498148130339096
241,Violet Mae,61.55966025631486,76.60462546876133,83.19078492969925
68,Mabel,38.65413015951156,83.19853886470293,28.639046178983996
278,Ginger Belle,69.65889944565882,76.0012835966612,76.94190767875007
298,Bubbles,54.34758903013876,40.32937308834623,65.14729604646709
41,Maisie,65.13887417069338,73.02080582991074,74.70516656324033
243,Xanthe Belle,56.69440072479645,57.562688349395785,40.75104133755657
229,Jasmine Mae,60.673626965305445,70.96960131270177,68.15093426404738
282,Karma,65.19820406994656,62.985892251255265,32.60952815841711
310,Nova Belle,59.50294527211926,75.16668482978481,73.69677834658361
26,Bella,60.68562369994815,60.050382353410356,31.330844031317223
124,Ingrid,60.54711659871597,52.19037023800084,100.0
80,Edith,52.139430558500614,59.14936713627785,27.950803222197695
185,Rhiannon,54.61869388420285,65.85704750883716,67.23599450376925
176,Isolde,59.47554798406107,65.68151383637122,14.754022763006404
100,Kitty,60.66284450656819,55.85102815901423,97.79374802628925
408,Heaven Belle,60.35702891704092,47.663875604696486,27.277996043903663
14,Fiona,59.38120891432237,87.70877688816249,62.433280941281716
396,Violet Belle,59.86353666553035,29.628760052231225,35.171432034743646
254,Ivy Mae,66.17772394459737,67.09027279031298,64.35836122310374
102,Magnolia,60.93250332984044,60.65219455796216,7.921143474914004
419,Sienna,59.9660811735459,50.76187801880208,0.0
24,Jasmine,60.484012437588824,10.083549374342727,29.691852285351487
297,Angel,69.32040258301787,35.36658801060709,7.771587973016459
328,Faith,60.67403296189098,31.36644948927561,66.22478681736968
248,Cinnamon,64.91656333557573,37.061784565114664,0.0
37,Winnie,48.14862683487963,65.82313714977542,1.3813068620934246
407,Gloria Belle,66.58640231667142,47.888841216515175,4.960921172618185
63,Gertie,67.95250057570719,42.199380270271234,0.0
27,Lucy,50.44748426953125,43.66370924997162,22.37862459932193
415,Olive Belle,63.46686677237088,55.009860683840905,0.0
214,Ursa,55.739107802899326,64.64932800745011,9.93529163521034
393,Scarlett,74.01963638614048,49.40942450006835,8.844825410406465
402,Bella Belle,76.17739590255806,49.65681652868108,19.48989101302382
168,Athena,63.949617872154356,43.484863697313415,16.48477173283078
397,Willow Belle,50.634835668009906,37.39438641712411,11.607689919523786
373,Yara Belle,66.44884963594039,49.34849218478956,0.0
307,Kalea,80.65284035317721,45.75777125102148,21.822855938501707
10,Molly,58.82429055462488,40.36770963072096,8.581105505706333
358,Jasmine May,60.97197864289933,83.01493602359852,4.255439917767674
177,Jocelyn,59.68887069388251,37.017421472816125,23.408351652743086
147,Faye,70.61040190603507,48.971730424919244,0.0
157,Primrose,59.77930870964379,41.556765602943294,45.059270258595305
252,Ginger Mae,64.83907161314413,54.40869683031302,20.00415306278976
260,Olive Belle,60.31224381100968,33.57157353797693,15.485333211369912
31,Lola,57.02119164268133,45.557604010159636,33.427134761395976
35,Pearl,58.540574904492274,40.65501019498886,34.254133574949975
7,Holly,55.70860877533552,61.20391905738288,25.805711651208018
227,Holly Mae,79.72984457527562,40.952474007883986,38.376739168508
108,Sable,60.74366223976028,48.870228316647335,24.028749779808063
81,Imogene,56.08572583736712,41.24700858494991,16.87390728369757
164,Winona,46.61885904444377,45.85881688588958,39.50909855234608
9,Luna,60.720524010829735,60.49984132020471,0.0
299,Coco Belle,67.46623470320392,53.302499202138385,0.0
48,Delia,68.48905777983693,72.13135793627546,13.824862151210986
236,Quartz,59.69070616396617,80.05571891992075,0.0
356,Heidi,61.57837620045352,47.083082557432036,0.6766694672996536
324,Buttercup Belle,59.69109393768598,47.41270243729019,49.300251287929015
323,Apple,56.70957935172874,65.76243502405171,18.92668971664962
97,Harmony,59.7802131728347,55.41837806286419,25.832220196136294
180,Margo,51.91422380622242,34.36016897098389,24.31661590355249
288,Quinn Belle,60.86572116810622,50.07593122773324,3.147774877120497
40,Violet,57.768851746951256,53.47543648188546,43.20772383101649
73,Hattie,49.17740480422909,75.67101026193728,23.95723373524257
349,April,59.13352499563181,57.35023737645422,32.71759918431782
30,Sadie,61.439307048267985,60.72378648064407,14.678608600970101
304,Hope,59.993013258589436,64.51007058605992,38.6102430672202
377,Caramel,89.05343283239186,67.48390961328145,25.05239339858086
301,Ember Belle,61.032710750457504,46.30734597912226,25.147697336230507
325,Cinnamon Belle,59.580375333531855,72.51755799583479,42.662839940714186
246,Amelia,59.567824882529045,44.93675017447173,51.064332055366144
163,Valentina,77.7813213715533,62.61402102363248,29.40240527106997
412,Lavender Belle,59.173833105536275,37.74637877530098,69.6838186607624
193,Zora,59.831095905721725,82.74236570264098,17.72984118298581
417,Quinn Belle,59.60816139659765,56.67475765800015,40.83631528008176
198,Eowyn,63.55906014668728,56.62811698430897,33.753344564485104
65,Gemma,63.959984608251375,39.63017671469505,41.358168167645324
245,Zara Mae,60.624595712823094,67.47979719314559,0.0
413,Misty Belle,58.7733663519264,68.66768031132796,43.444412548880564
121,Frances,54.43438735022136,53.55169802897579,44.3811902292643
56,Betty,70.25047671931719,68.84727816659489,18.78572691868777
75,Adelaide,75.02556595061722,50.610071945686876,34.52114947546283
318,Violet Belle,59.68491179353912,62.48623739151571,17.390075351307573
77,Louise,60.95247671205508,49.80158808043078,17.305774433071598
119,Dinah,47.099481471228685,50.42520661747721,57.0831509441794
82,Josephine,59.93915968401289,41.55785222134534,42.954418352005376
389,Olive May,46.629208933331725,51.008364601012715,29.567240893017406
210,Quintessa,61.09035525494235,43.24935319629119,70.05771480782352
379,Ember Belle,47.88237314754886,75.948957242744,24.639262701125016
420,Tulip May,54.82085676267456,64.18096963254226,43.43426081930175
4,Bessie,53.52955718279001,53.1679579404609,65.83556781226909
131,Penelope Mae,70.1572729648796,68.61306170064425,28.933718004613617
187,Thalia,52.891028145987036,70.44972637676331,46.209972283928956
385,Katie,57.11198075473546,65.28098841715698,44.741786867929505
6,Clover,45.124530428184244,56.175769679266665,51.86477637845585
74,Willa,58.627833965949876,65.75162663282782,52.45731274570316
336,Nala Belle,56.01715274352876,62.13166746815242,49.966403303121105
263,Raindrop,62.157997430601206,54.39482523094417,52.83656055695951
86,Sylvia,58.1202207791818,58.16655505044931,43.49961150814799
237,Raina,60.86968848858299,63.7328984156659,31.03886781510989
223,Dahlia Mae,76.35987081235227,73.26796744347519,11.52322953465346
89,Henrietta,59.135009645829896,76.10719859581755,5.369201067481448
220,Amethyst,66.74074260178926,44.23478139639253,73.02536624280881
275,Daisy May,63.32837889854505,70.93602261168775,36.64221923821166
143,Bianca,48.55307864984065,58.823884267632266,35.8259926911321
167,Zinnia,57.40976188074153,35.38890913201864,81.32026840070057
312,Pebbles,60.46505606315909,57.708405474059965,66.4355955105053
133,Ramona Mae,62.997961740753475,62.99164541952453,47.22545831209767
28,Charlotte,63.81579139541105,63.68893064772669,38.726241568837295
72,Nora,59.507406528983445,53.65457090577221,42.14626063965063
280,Iris Belle,59.41175757133511,35.35951965750403,42.32588377270336
96,Harper,60.69116941336023,74.87717237348792,59.00737407126234
199,Fiona Mae,50.85155143137985,61.32114453636224,55.02620663829805
148,Gwendolyn,51.70912930990631,55.575064542166416,62.763865043904985
287,Pepper,62.00416838888783,69.10128517373491,28.306458343693116
340,Ruby Belle,59.52048410618669,36.514531708581714,54.72755380525175
90,Lorraine,60.90688075494143,47.07374570852901,33.94115951652263
326,Daisy Belle,60.792687237175,62.90230534722932,71.16582932709801
319,Winnie May,58.94442070129586,72.00668579791275,56.841696987854235
22,Clementine,69.02008268722274,67.62570005511927,54.39456457684616
238,Star,45.35454885320406,65.88553775462965,43.74397359810099
270,Yara Belle,63.68170828789463,58.8522260898944,46.96844052241869
59,Eleanor,61.0358300321212,49.403295388881475,83.88839997417709
45,Delilah,56.347315166818994,64.42843136664615,59.887233108014826
70,Ida,59.45663956898723,50.71395059919532,66.91992448956634
406,Fiona Belle,68.19642598419473,70.36138115408922,43.529214416016046
94,Dolly,56.973531226589664,74.61875987879642,27.76148907866112
171,Dahlia,72.85644001236172,74.01006194760525,17.153754461222654
201,Hera,47.459926467204426,35.79076662921791,50.31917041608622
386,Lavender May,58.228155838585316,32.59927305519865,100.0
221,Belle,60.80356821165951,59.39577787399685,66.95338159083224
142,Aurora,58.553796717973086,56.29139179030513,67.13559405579488
62,Rosie Mae,58.36590959003762,39.47006906483517,72.02024036451519
354,Felicity Belle,43.207962384156524,46.57909759805479,55.41818738776739
186,Sabrina,61.41597624444597,41.14128930562249,56.16262735447586
285,Nutmeg,60.718624804574524,53.18362762278807,38.82989067697795
15,Hazel,58.70168376547619,56.3865435311612,83.0274258777744
191,Xanthe Mae,60.000030880883294,99.15893052034755,18.430176481509886
272,Amber,58.172828969489075,50.6375190249166,61.25863738923675
93,Sally Mae,58.913512911481774,54.35872171732169,59.02006784161211
87,Tilly,59.43552986087015,43.681271855932266,64.75540038248161
173,Felicity,60.36882929715677,60.176505438228986,40.98332148826616
251,Fawn,59.340126440024605,67.43398532224563,58.58965464723371
182,Olympia,54.84570006546868,67.00185494853572,45.04129195627968
84,Martha May,58.910807017786986,41.72222128961542,62.1395140440342
50,Martha,69.1745937128475,73.53938570210465,28.50151088703295
409,Isabella,58.71170290854505,74.70835768442548,61.68529227270035
196,Cassiopeia,60.582816424841866,58.44225262026981,75.49006273806116
200,Galadriel,58.78639085476555,48.90080031911696,77.08276367147224
400,Zara Belle,52.26092334638514,55.940460697292494,53.10304243145749
79,Bonnie,43.14170231696078,44.0189520866389,62.969411620993355
92,Prudence,58.98751770485139,84.29469095718021,16.964836003282628
197,Daphne Mae,59.32741884818772,61.1689599650819,94.54234477676545
99,Juno,60.67758476070884,80.68571271534289,61.29993186726804
136,Ursula,58.4933403243423,54.719638858948166,62.54099039497112
141,Zelda Mae,75.04556785816035,58.85143335745011,87.25394864866774
369,Uma Belle,61.025317559393685,61.32379056977445,72.5910935693526
416,Pansy,61.37961385236005,97.36553900135091,48.14920359261788
250,Ember,50.6632233372508,67.8301761544922,73.96190964377153
249,Daisy Belle,59.21168767468731,77.62185520689079,51.477786259373474
290,Sunflower,58.94839947874416,88.3391753213677,25.575503882813127
383,Ivy May,62.52847757527986,74.00649986171845,74.00557285283818
149,Helena,54.45384359337584,52.38368307708203,76.33973358237382
316,Trixie,55.70304949570737,57.21911334539574,61.59851206549226
152,Kiera,60.08181307451814,77.7706238741342,35.937992469871375
306,Juno Belle,60.86768059556865,57.910947717643836,100.0
232,Meadow,60.53524641891963,67.21524838651243,80.33564097704574
112,Wendy,58.16032311363728,60.62950602176446,73.77893511511023
271,Zara Belle,56.195471735366255,65.80555700665165,52.48133991718692
123,Hannah,58.33807629021444,81.17480390115955,31.42036942324798
230,Kismet,61.010365085712,56.41122496668122,99.06315715984539
58,Coco,59.58915272472594,85.36240808191495,61.67644245765291
274,Cocoa,60.573216389522564,55.30975233867669,84.72801685475343
372,Xena May,45.011769873463514,49.388068671762184,73.37820915990186
239,Tulip Mae,62.12309562895772,84.325415772205,88.50945447616668
114,Yvette,67.76274145284653,46.49419962009978,100.0
213,Tara,59.40660540243547,62.45378919373036,78.19061911754267
146,Evangeline,58.46942010521905,58.35490038231009,71.0477725744291
135,Theodora,51.1947924402325,45.82905134381373,76.45981606398061
202,Ivy,58.07720744998626,46.56323383374206,72.30880662309471
224,Elara Mae,61.16465591043875,88.61618154938016,69.60176582284927
346,Xena Belle,66.04935302893645,48.282824218538096,91.85173592469657
293,Whisper,60.22526010871959,45.29927187155095,80.85638045574863
32,Annie,60.85802999914884,100,22.738191203080763
378,Daisy Belle,62.551165147207485,85.08413486020868,80.42382997193312
107,Ramona,61.72157151172767,77.85364154812895,82.56157666971049
279,Hazel Mae,60.98086729004286,65.00516148803852,69.46244013225625
418,Rosalie Belle,61.087392171003025,96.11733199036566,59.39709289252882
175,Hermione,68.11872865363486,85.03719071423812,78.76899887271583
267,Violet Belle,59.82423487024032,68.34933705350953,83.52461069033635
17,Petal,70.06342640603756,61.408828252632446,100.0
351,Candy,67.79595900257884,70.3441284444762,74.42555645829133
359,Kara,61.2875039692437,56.726348252332095,100.0
61,Zelda,47.514995348907306,86.25484515963356,47.11504523133881
129,Natalie,59.7633834100928,66.69429925530835,86.25910683365714
218,Yvaine,59.33215428188215,48.24653075401971,84.31000082936953
12,Matilda,61.2570123428274,67.5353490131813,82.42398093268879
268,Winnie Belle,57.28456536016178,93.33018247874652,33.88653112230915
264,Starlight,39.282328035655844,81.07970709981558,60.33637488396256
253,Harmony Mae,58.325277491642346,70.19200871465505,48.715729223308855
105,Patsy,54.566039023030655,93.34450355938209,62.523800388958875
95,Gladys,57.39341257100756,70.02335619444726,51.15944957964427
281,Jasmine Belle,59.480983375535935,39.56153106782892,99.43826208035486
25,Lily,50.75384586764866,42.912842192106474,67.39631608750503
388,Nutmeg Belle,60.96671073163437,80.90786340703727,22.95690277417993
203,Jade,69.62402079293557,49.01314309923055,51.06688287935686
401,Aria,61.230264535084096,64.38700749075413,29.97545317023558
134,Seraphina,57.78691593122772,50.986242187508616,37.460697623584096
113,Xanthe,65.09505967871515,52.395543977681356,31.53581355452371
69,Cora,63.48492097934302,71.84309993254172,5.721675567880197
343,Unity Belle,61.07127752449162,56.59245518295154,15.36187343500719
211,Raven,60.677080082256865,63.21269689396078,0.0
266,Unity,61.957061359898965,57.44535913290287,0.0
216,Willow Mae,54.77942862434769,46.69585667545367,0.0
255,Juniper Mae,65.72927728175748,47.05114301451215,0.0
36,Rosabelle,61.49769220857415,51.308017150403195,4.744572594701708
233,Nova Mae,69.3602419556255,63.30186345824051,0.0
67,Harriet,57.38678916673345,39.405811536541584,23.86478980938031
322,Zara Belle,60.46160425653144,58.22600134299959,6.598876689954899
355,Giselle,66.3020253014538,46.69632834929543,0.0
144,Calista,60.95228750512217,50.01658374082809,21.93261941696714
188,Ursula Mae,59.830936374162,69.52678563601874,1.4169724317606054
342,Tigerlily,60.342410637010396,36.70710149703508,18.878101698181
394,Tulip Belle,59.67942516032172,29.923547325512143,46.99644908153687
296,Zara May,60.159152114491626,51.05195095849146,14.432529818277473
332,Joy,59.857757250944395,38.61449544491897,11.614157629266245
262,Quinn Mae,76.1469507289481,63.46787913704584,19.78591231230141
370,Violet Belle,62.422280012864476,52.44769898525583,25.342202352669247
145,Diana,64.52861482891602,37.232803289604774,33.34190354647399
240,Una Mae,63.045244649727714,54.11861206642794,0.0
215,Vesper,65.00779608421264,36.368787057779365,0.0
335,Meadow Belle,59.99640030579003,58.239617952510955,19.47523582724499
46,Honey,59.38399153672608,66.55686724027306,5.477288364812608
292,Violet May,69.13706986014105,33.52490030780115,23.548194121686763
60,Nellie,60.59177104478411,56.889332776901576,24.917832326585515
283,Lily Belle,82.84492869598316,44.55844923353898,33.59568354204245
169,Brielle,84.66563732601621,73.11742295142577,3.385035494074316
405,Ember Mae,60.537658163598884,34.18582484129437,19.147446298770948
414,Nala Belle,59.870683202379645,32.55295775798857,56.127973476320406
276,Echo,47.03589000342569,64.03269967203161,20.743299494994925
219,Zephyr,77.39879943070386,56.03779677226128,33.41197235602148
126,Katherine,64.18526150281247,54.735947504588026,21.868079816249026
212,Stella Mae,58.996858982732654,71.94070033241161,0.0
165,Xena,52.494483031021716,54.7247400229063,7.41370768225957
43,Olive,57.60701993938527,64.12182391863601,34.546375336127326
11,Ginger,64.47195972504329,76.89737990790852,10.766411349424544
184,Quenby,58.940885620667444,41.96403029216829,46.82625898569183
257,Lavender Belle,60.9699307934323,74.39269208983997,15.618533889861986
207,Nyx,69.67698895851532,63.2314264336411,19.03778479137982
206,Maeve Mae,61.270444723415274,36.007182427254335,34.61049046781984
128,Miriam,60.14070832984987,59.63915628600637,39.740317769883426
368,Tilly Belle,56.21655191741999,54.24623265848986,40.158636494605034
192,Yara Mae,58.66951229573583,45.511108975991405,41.17768050664687
337,Ocean,61.02097692218142,47.8338879910994,32.075803377257884
244,Yara Belle,60.66385263576721,50.94831976117849,21.309581602815385
130,Odette,76.36774439796889,46.037967041480925,0.0
303,Grace,60.038435841351436,43.93163414858963,56.20330623245677
375,Acorn,59.47854128159451,57.09922201703293,36.53211232538775
258,Meadow Mae,60.58381391777247,43.72401061696279,46.29540999299665
367,Samantha,61.19140952700983,71.44921640639771,25.95943300139085
391,Quinn Belle,59.70572347541382,34.89470472247342,59.549453918712565
54,Fern,60.10910146340171,64.02932822888863,24.9690887382335
42,Minnie,66.005081439689,54.23344748196543,0.0
333,Karma Belle,51.78519379751373,50.668586201139156,54.434099157928024
53,Daphne,59.14965783960121,40.33342489502896,58.52341324317557
345,Willow May,50.201381659243495,60.07196904934541,34.83927764157668
85,Ruth,59.100809319811155,46.028789012461814,41.67141222258546
344,Violet Belle,59.64334166522951,29.819651391342216,24.486632464815237
5,Clarabelle,44.134555405431286,45.10203821568898,55.48211686657087
231,Luna Belle,69.58290852365886,87.53932390533107,3.8812457744695905
294,Xena May,60.088333684366795,89.46559164010186,19.302116184787142
334,Lily Belle,51.76534724740608,60.05755572798158,22.843629417852917
364,Paisley,59.3797219477931,68.33511273281393,33.806393195396375
189,Vera,66.34254588095992,48.63820518273734,51.05602499834644
190,Winter,62.99161353890611,65.95066720247611,14.924230035103953
118,Camilla,62.970603711938004,39.67126348817098,71.23725420933042
153,Lillian,51.64419355300178,56.00751255502097,50.01521986989301
183,Persephone,60.52944877821801,77.24063358410936,22.215255503030715
225,Fern Mae,59.85239230568065,51.784003601968905,41.09097666912308
217,Xena Mae,63.73598944520718,64.14685820697747,19.70146529511383
365,Quinn Belle,59.810696553398714,66.11428881994033,3.791541369162779
137,Vivienne,60.39497785474823,63.149394173697324,40.71937867572966
315,Sky,77.54512876398684,73.89814180535271,26.390064946713814
309,Misty,59.257510540523086,60.1569493509842,25.037989182272845
71,Esther,58.63489213544757,74.37372842303378,9.616408691364825
18,Dottie,60.54190090006503,42.38770132090291,62.74886744314247
154,Miranda,46.40485985805682,46.52474350330799,68.74326646130689
380,Fern May,62.43383207799766,45.91807145176107,59.45129867788923
371,Willa Belle,64.14997181921795,55.404368174071294,41.55773205838507
2,Daisy,59.73225614723674,79.44702232601495,13.52894977654524
234,Olive Mae,61.11445131557207,58.83443195033211,17.05893551177852
1,Mooey,60.85062165246109,63.04006810940188,62.90021199141762
49,Juniper,47.094074585511756,65.37704806536757,39.341617018442115
277,Fern Belle,61.27446006725645,79.04743495514143,21.493692509974903
16,Freckles,76.14148321761269,58.4271613658832,35.369430223693115
273,Bluebell,60.92331157749657,46.46796045416562,42.899831224959705
138,Waverly,59.8527286662746,72.66046095645352,34.56253840356732
387,Mila,58.82565078645464,95.64755006709404,25.74279224472561
115,Zara,60.40906688761524,43.27975134999099,34.535249441990814
247,Blossom,57.45448745736124,49.291689855888066,81.38329008170857
120,Eloise,44.286697961589596,63.09957879830511,57.777984981208206
127,Loretta,57.54218849390539,94.50308721936422,19.880901206900113
158,Quincy,59.65258566475538,54.63920726073246,46.49556087716784
66,Ada,59.626572452628814,56.19582608865321,26.47595633654711
261,Peaches,61.084366325294,70.83745114178942,6.556204035016549
410,Jasmine May,60.34419844283506,52.82164707427003,77.78206115219615
259,Nala,41.98039649597364,77.79067478486348,46.34167829929327
117,Brigitte,55.269671858907785,60.416232245798476,43.94085861133597
361,Mia,57.799484445552935,64.03672936984455,36.48849661155864
338,Peaches Belle,60.422568059495354,45.807326886800084,45.95590135962522
265,Twilight,57.685026678186844,42.160641014490494,44.50802778887333
403,Cassie,61.036896903655126,32.249569799108045,48.735372461738535
329,Gloria,60.541869066445024,57.38600582352436,80.04798167201045
347,Yara May,67.36807499621871,95.77174116507662,32.07053580691137
3,Buttercup,64.29675004579835,41.49561264071778,84.99274923222447
91,Maeve,46.27610691353764,88.65221923012744,31.03826692613989
178,Kaia,58.743982890658955,69.5613467585719,46.41912251740441
8,Rosie,61.904127037279764,49.96187789665767,60.83725175609225
302,Flower,59.352205844663004,67.44026932463797,38.10144918003114
52,Tulip,63.97367777700855,81.29950336101824,2.009997239864056
194,Amara,53.34404089356671,54.30653927090605,73.80678807548284
204,Kira,68.84583808073104,78.76604351399793,47.03755901577599
174,Guinevere,59.49762915738978,48.69236058675133,69.81785447053346
327,Ember Belle,57.50433956870841,58.57986556311975,71.9302137439784
172,Elara,54.63271012330791,24.144734625785674,100.0
352,Daisy Mae,59.54528196219818,67.23357317205996,52.75976059746103
398,Xena Belle,60.00898766726712,60.43137881743405,51.80758664108431
170,Calliope,59.64699136401254,26.023247534346734,78.24874768844333
228,Iris Mae,60.458097911374644,35.18088945550276,64.18035659020902
222,Celestia,34.54783868501051,65.45701700592124,67.47862863190866
150,Isadora,60.82456852528961,55.780584530931336,66.69281074927311
47,Marigold,67.69977156997541,42.334274361431135,67.40833981388917
116,Abigail,45.69501709418934,29.66134597105785,75.59046550149935
376,Bella May,42.75594488265124,51.816474875185534,47.799958689618705
390,Peaches May,61.00106371924468,58.4426037627768,29.520965294895742
295,Yara May,56.12584710163259,43.07064954164029,82.50003901686537
395,Ursula Belle,57.74493327848622,66.31252561680799,71.41447896866025
156,Octavia,59.4447508245135,55.6306756210546,59.49820912662032
317,Utopia,60.63429835118766,46.21070412937994,62.73102323906643
21,Willow,51.42116988910518,49.17732538531148,55.77480390178067
339,Quinn Belle,59.112654904538886,84.9074131753205,58.3443966010704
366,Rosalie Belle,72.171441525532,36.03746456316757,93.41409512175214
125,Josephina,52.486659686930864,72.35801256657624,54.031203654485644
381,Grace Belle,65.73101410007388,63.11726115977985,46.46916687817712
311,Orchid,59.063090335313596,80.68357945244587,24.16235889112957
98,Iris,45.15043942298602,80.25859496063921,18.20419794023262
101,Lacey,59.259740692722744,52.57140118386593,85.37359925655221
139,Xiomara,60.668270115870186,31.900274406051278,100.0
330,Heaven,61.29501165132896,72.80588119471861,65.36485530721502
57,Daisy Mae,57.66146126258957,67.393359834786,58.528285781907265
256,Kaleidoscope,43.61625073568061,53.10761564465104,59.20861935349502
181,Nia,58.994468369128974,74.1779402122038,32.014312373863035
384,Jasmine Belle,56.57085552725624,53.541323273750734,50.625622569234515
159,Rosalie,57.195892870439046,79.11638046828683,20.898935320976243
109,Thea,54.80968236465642,51.71765265832913,86.53163508648117
51,Greta,61.884650157500936,30.87274752755551,100.0
242,Willow Belle,62.99781183574327,86.18759125892065,18.83247961057288
269,Xena Belle,63.269840638796055,56.40601454159027,100.0
29,Stella,58.72724156796666,55.8912286228564,77.16827856008821
104,Ophelia,60.465633684914344,77.34686905123543,48.99375351443238
195,Bellatrix,55.19718640905022,81.47738676762387,27.086028146669253
314,Rose,64.1741751028726,61.22466433370125,40.47138124964739
161,Tallulah,59.603078249834674,42.10652277513471,94.24673690282782
348,Zara May,63.10094371313823,76.64657374163065,55.771206651915946
78,Agnes,59.83568194140687,65.53335496420915,55.47399935075492
162,Uma,59.088658828956,51.78303089492258,60.039566322031334
208,Ondine,76.31684753403339,65.75241142285026,100.0
350,Bella Belle,70.22192840927816,82.2921515097736,76.7772766172232
205,Luna Mae,72.74402212060042,59.963643414608946,78.40569668770323
140,Yolanda,58.76191632439627,70.82390681330719,44.09717925472032
308,Lily May,59.302362515237526,54.27861938092336,100.0
353,Ember Mae,61.57610155936767,57.393915397299935,100.0
313,Queen,47.58075373637381,100,50.20795771193847
320,Xena Belle,53.52256799523296,73.46468951480529,68.33565059190789
166,Yara,71.19703989770737,45.825890471075795,81.61806503634088
122,Genevieve,44.86362198022883,67.42668551666519,54.014256856812516
235,Petal Mae,55.07697454456254,61.768161428685715,50.59313505325972
151,Juliana,59.99347177248132,56.51212827560543,45.21506791974581
363,Olivia,60.204163653813445,55.510315967056314,87.82839956076917
305,Ivy Belle,58.50317270478775,35.56776663863163,84.29091128174394
111,Veronica,59.78915032520606,66.76665211495671,49.66613801050426
160,Serena,44.19472024436831,65.22951830818519,93.73423125138618
392,Rosalie May,65.28436902787428,51.8923290986047,100.0
209,Pandora,60.47463223246122,83.53779329101904,59.45635231930545
357,Isabelle,61.26322544621607,64.95913029247174,67.62296658551571
404,Daisy Mae,60.991949970454144,79.65915457862013,80.82726400095856
76,Winifred,59.449629045489125,74.08854515899202,80.93631667739581
300,Daisy Belle,59.94808621019721,54.18007016912669,100.0
374,Zara Belle,60.827824712320854,62.53403979827313,78.53555805338056
103,Nancy,59.75276654863577,77.59435792956005,65.84583171002089
289,Rainbow,60.260063426849804,72.59453015421072,63.07053977352753
155,Nova,59.64142770048958,57.536940570340064,74.75974166519512
321,Yara Belle,45.181529371462354,59.58858178898928,59.61092524687037
33,Elsie,59.7862975354817,69.62925884350375,88.36175572652343
