310,Nova Belle,60.03221085080512,62.79906324863023,73.69677834658361
360,Lavender Belle,77.03728889059828,73.79519158302574,100.0
208,Ondine,75.55516094469493,69.40479333980922,100.0
353,Ember Mae,59.930291312437426,64.17776278969508,100.0
284,Maple,64.34459119115884,76.91070395085984,93.49596965419619
129,Natalie,62.96145848153273,74.71243079620085,86.25910683365714
51,Greta,61.8100622833657,55.00585162267471,100.0
278,Ginger Belle,72.6516987467487,77.35803525918462,76.94190767875007
213,Tara,61.266443197289966,73.17436693362059,78.19061911754267
142,Aurora,59.12145511457833,78.19291055291255,67.13559405579488
14,Fiona,55.86496217323581,82.82571474010943,62.433280941281716
179,Lavender Mae,72.32505115477149,57.72208885383766,88.81613331216437
12,Matilda,60.18307951866648,82.26538061435261,82.42398093268879
370,Violet Belle,62.25293484376817,51.55541547026745,25.342202352669247
293,Whisper,59.530560394032996,62.693999296210684,80.85638045574863
329,Gloria,59.64269936900172,57.37052577713136,80.04798167201045
100,Kitty,62.65644194862388,62.50831872259222,97.79374802628925
327,Ember Belle,56.0543294890662,67.71243640296741,71.9302137439784
13,Penelope,58.79281263531202,74.44285998156688,100.0
326,Daisy Belle,55.28310624868953,62.293800258222454,71.16582932709801
194,Amara,49.86211864971675,57.94945571217144,73.80678807548284
3,Buttercup,67.72350563393194,49.13079538139584,84.99274923222447
110,Una,48.44674508825433,63.88077186451564,91.95578198280276
409,Isabella,60.44228478569467,69.34806687706475,61.68529227270035
239,Tulip Mae,57.69169687038327,79.30281304896542,88.50945447616668
372,Xena May,46.991930649220066,51.4123545832669,73.37820915990186
351,Candy,71.03777619376015,54.67120674506846,74.42555645829133
76,Winifred,59.456562761125625,80.23123572052431,80.93631667739581
220,Amethyst,70.29112323829976,50.9931348070876,73.02536624280881
279,Hazel Mae,60.79244884450235,67.3109407230337,69.46244013225625
23,Poppy,62.42926813376056,69.49919157983587,100.0
178,Kaia,59.822608035983826,74.70719593309951,46.41912251740441
96,Harper,60.70494300172267,58.819989099482626,59.00737407126234
259,Nala,41.303819595843486,77.36596576854868,46.34167829929327
141,Zelda Mae,78.82012636905623,56.28297493985709,87.25394864866774
64,Flora,60.96469013414343,61.799162578966225,100.0
400,Zara Belle,44.432865631144196,66.06700464752478,53.10304243145749
104,Ophelia,62.83562445966657,68.37929962899231,48.99375351443238
359,Kara,60.999360840328215,60.99052779262257,100.0
124,Ingrid,61.200669517976266,62.88103447816806,100.0
368,Tilly Belle,53.192768425065196,70.0239547348927,40.158636494605034
300,Daisy Belle,58.78032915696035,57.7848596650028,100.0
274,Cocoa,62.42136914941824,73.31561695418154,84.72801685475343
225,Fern Mae,59.963453224984576,65.46122518700896,41.09097666912308
404,Daisy Mae,59.940612041819335,55.59770899112086,80.82726400095856
308,Lily May,61.59555212690562,61.10653965836987,100.0
406,Fiona Belle,69.94572846799628,57.49819774703271,43.529214416016046
241,Violet Mae,52.671744642157975,68.95909991978074,83.19078492969925
101,Lacey,57.74538751294491,61.905642201228545,85.37359925655221
367,Samantha,58.04286961666074,71.01567259449367,25.95943300139085
41,Maisie,63.53301743643276,76.47733791665328,74.70516656324033
105,Patsy,50.81361851771604,86.64191969819281,62.523800388958875
137,Vivienne,60.20133772789585,51.512085472099734,40.71937867572966
160,Serena,36.11685177389573,50.39570459626712,93.73423125138618
161,Tallulah,61.023001814628884,44.815574294807874,94.24673690282782
144,Calista,60.08126022862182,60.7280845759387,21.93261941696714
19,Pumpkin,60.282667077666304,67.25467384165938,71.28135316156802
247,Blossom,61.017856365058584,51.96985199783515,81.38329008170857
318,Violet Belle,59.3121410376574,61.13475247156174,17.390075351307573
320,Xena Belle,44.33574906578139,67.06386821800331,68.33565059190789
267,Violet Belle,55.830694857352235,66.35612585088293,83.52461069033635
65,Gemma,66.33102079310197,31.386589772081273,41.358168167645324
118,Camilla,67.53237593116542,65.10405290405487,71.23725420933042
410,Jasmine May,58.90396440275464,59.70692277357737,77.78206115219615
180,Margo,47.6755541075405,49.70067719637048,24.31661590355249
366,Rosalie Belle,75.99657752477756,37.18966930578574,93.41409512175214
260,Olive Belle,61.26188455872533,44.98132351025837,15.485333211369912
261,Peaches,58.943660350175406,53.86936320217021,6.556204035016549
355,Giselle,65.10405424326932,49.66382064980475,0.0
10,Molly,53.73417419957916,43.465541420325636,8.581105505706333
332,Joy,60.96261791977845,46.799299087434015,11.614157629266245
216,Willow Mae,50.982450277215875,47.88376094825973,0.0
134,Seraphina,52.98303686745888,42.94709584869277,37.460697623584096
307,Kalea,81.38988555746623,51.537476406094704,21.822855938501707
211,Raven,61.916197498845435,52.37942481212593,0.0
397,Willow Belle,49.1407709529352,52.214278317142956,11.607689919523786
407,Gloria Belle,68.35113659355977,44.03744617940094,4.960921172618185
334,Lily Belle,47.69828624422805,59.860915502809334,22.843629417852917
402,Bella Belle,79.26176102341496,61.79760219400613,19.48989101302382
11,Ginger,65.39672410032932,55.830739489263365,10.766411349424544
35,Pearl,54.554421421296155,51.149555955717446,34.254133574949975
176,Isolde,61.908948528656296,66.55079059901837,14.754022763006404
75,Adelaide,76.43350566619782,52.21636188399152,34.52114947546283
81,Imogene,51.023520868519384,50.49856376255284,16.87390728369757
373,Yara Belle,65.20260734369147,50.36116594563492,0.0
206,Maeve Mae,60.27124180569657,44.48349062795431,34.61049046781984
280,Iris Belle,59.290787638809775,30.964840712940074,42.32588377270336
80,Edith,48.08067227256295,62.80210846294598,27.950803222197695
108,Sable,56.43037642375928,54.70834798298213,24.028749779808063
24,Jasmine,60.30918557726708,45.25646823626924,29.691852285351487
7,Holly,50.10958964190965,54.817800375284634,25.805711651208018
292,Violet May,70.07750679584217,49.27481462190774,23.548194121686763
277,Fern Belle,59.580273994009644,77.9614848244521,21.493692509974903
159,Rosalie,54.663761202785246,76.33033048415169,20.898935320976243
287,Pepper,60.97900665761164,63.66136073134039,28.306458343693116
338,Peaches Belle,59.6346024137479,55.480107874928,45.95590135962522
258,Meadow Mae,63.03658716030783,45.45745224035274,46.29540999299665
283,Lily Belle,84.51813522872331,47.6431844647227,33.59568354204245
301,Ember Belle,61.17341761375955,47.326012579792675,25.147697336230507
242,Willow Belle,64.5467991987926,84.10909989753901,18.83247961057288
390,Peaches May,60.474582017321275,59.009978445712385,29.520965294895742
97,Harmony,59.01725611530812,53.27391085681609,25.832220196136294
245,Zara Mae,60.76389677311172,68.39590363152506,0.0
414,Nala Belle,57.76247061300743,35.2268895178422,56.127973476320406
207,Nyx,71.11306307686455,58.728381513306815,19.03778479137982
297,Angel,70.64561204995357,33.7443305005541,7.771587973016459
133,Ramona Mae,64.85705444970489,59.781834866874185,47.22545831209767
49,Juniper,44.76162051522455,63.26349289783406,39.341617018442115
43,Olive,55.76048237240093,57.083219233197,34.546375336127326
27,Lucy,47.91293428128853,54.830822668305714,22.37862459932193
389,Olive May,44.55835874750163,45.84884297938419,29.567240893017406
344,Violet Belle,58.85600519850129,33.54931928314319,24.486632464815237
385,Katie,52.719896305343944,58.75495105719669,44.741786867929505
235,Petal Mae,49.992999883919175,52.27090218042036,50.59313505325972
21,Willow,45.74052461295827,41.88814115627928,55.77480390178067
394,Tulip Belle,60.535006075143144,39.387127193927356,46.99644908153687
113,Xanthe,68.88328917778243,78.45767366917653,31.53581355452371
198,Eowyn,66.34519164931645,73.13128286088885,33.753344564485104
115,Zara,60.43243210338513,54.88576582492751,34.535249441990814
215,Vesper,66.1997562234762,43.301529845831716,0.0
384,Jasmine Belle,52.94669442001248,56.61546840746859,50.625622569234515
303,Grace,60.52716652232989,42.95452856385135,56.20330623245677
94,Dolly,55.2129472479164,63.385992343192214,27.76148907866112
401,Aria,61.41525856516359,45.33757005968957,29.97545317023558
95,Gladys,57.81188059757054,72.8705261999527,51.15944957964427
263,Raindrop,67.40969370515488,65.02069348940488,52.83656055695951
171,Dahlia,77.78215395328398,78.56609886582402,17.153754461222654
270,Yara Belle,65.0826218398096,44.531660369231204,46.96844052241869
227,Holly Mae,80.08880671635036,48.78524776089336,38.376739168508
56,Betty,74.87437573354323,61.28039000605119,18.78572691868777
102,Magnolia,61.0458084928717,64.68536431223926,7.921143474914004
419,Sienna,61.08767183934422,66.76302490218478,0.0
204,Kira,70.40487701453418,76.57942936295544,47.03755901577599
158,Quincy,58.8475037345218,55.57010456934078,46.49556087716784
126,Katherine,65.77201331237698,56.890448904498854,21.868079816249026
165,Xena,47.46973999264926,67.47529666965673,7.41370768225957
249,Daisy Belle,59.88232985593861,76.34060691376214,51.477786259373474
148,Gwendolyn,51.16181967821603,60.53720608801007,62.763865043904985
16,Freckles,79.44741128039698,71.11422049144718,35.369430223693115
53,Daphne,54.389919503127565,43.24487644910244,58.52341324317557
48,Delia,69.4830141180149,76.60650735808599,13.824862151210986
243,Xanthe Belle,50.9989385778815,40.479234656679836,40.75104133755657
231,Luna Belle,71.25835048640214,63.19135151059881,3.8812457744695905
254,Ivy Mae,70.8304921465529,65.80861886943633,64.35836122310374
348,Zara May,63.1795969321858,62.41449556822875,55.771206651915946
381,Grace Belle,70.13174591442325,57.14447473449804,46.46916687817712
328,Faith,64.76927929479197,34.76585590683405,66.22478681736968
343,Unity Belle,59.92588229857591,76.91688637572307,15.36187343500719
349,April,60.31084360796415,52.88889358092125,32.71759918431782
52,Tulip,65.29321470819409,71.41038192773294,2.009997239864056
333,Karma Belle,50.20071540440898,70.11431918624041,54.434099157928024
173,Felicity,57.60573744575819,69.40729524281849,40.98332148826616
311,Orchid,55.2397047106048,80.47995866219681,24.16235889112957
285,Nutmeg,62.59350813989784,57.15338293009662,38.82989067697795
85,Ruth,61.735697737526024,49.17713717433951,41.67141222258546
73,Hattie,46.962376919591044,62.36782191407534,23.95723373524257
83,Lavender,61.779586072090545,64.71419566968328,70.3181508235252
316,Trixie,54.941611406577124,54.47505881198867,61.59851206549226
87,Tilly,60.43011266120582,47.17764213340125,64.75540038248161
128,Miriam,59.84045991875282,64.92968369680422,39.740317769883426
238,Star,41.9806001539471,58.821402855210565,43.74397359810099
50,Martha,69.6424356478367,69.2458658704996,28.50151088703295
358,Jasmine May,62.64091252500319,75.127049157437,4.255439917767674
99,Juno,59.78840252151351,79.40737229775773,61.29993186726804
250,Ember,50.18646414923422,59.4402383645995,73.96190964377153
84,Martha May,59.589945794798375,54.85139191981763,62.1395140440342
380,Fern May,68.51245910939147,52.96559930988067,59.45129867788923
18,Dottie,59.471834270877096,38.44105348471828,62.74886744314247
340,Ruby Belle,57.46701494941617,35.829741116507336,54.72755380525175
112,Wendy,62.33697955512935,59.52649919349778,73.77893511511023
4,Bessie,54.195791981181586,63.30692083026517,65.83556781226909
272,Amber,62.031814565519205,51.475698676663164,61.25863738923675
388,Nutmeg Belle,65.3583958405595,77.50370630381512,22.95690277417993
379,Ember Belle,48.73087341858969,71.23089536420483,24.639262701125016
399,Yara May,66.06303325121588,72.86466266326165,13.82461071959603
312,Pebbles,61.44003242372307,64.68553128597243,66.4355955105053
170,Calliope,59.95380732662358,50.38229634724841,78.24874768844333
317,Utopia,60.77211765701758,56.68773568125341,62.73102323906643
412,Lavender Belle,56.99188380849898,49.33925621715605,69.6838186607624
325,Cinnamon Belle,63.53107942904478,70.55472983376052,42.662839940714186
223,Dahlia Mae,79.31786635269575,67.45045484462673,11.52322953465346
411,Kitty Belle,63.974194198699756,46.96886234528206,86.31479617908425
111,Veronica,61.50975484703461,69.17780842979117,49.66613801050426
350,Bella Belle,68.75259779406827,75.63798403602144,76.7772766172232
88,Tabitha,62.91860256294153,46.74477243930844,100.0
59,Eleanor,61.09924180728516,49.91927214500101,83.88839997417709
72,Nora,59.347733283858915,70.70165660058302,42.14626063965063
323,Apple,54.66748483106046,73.91597837894035,18.92668971664962
98,Iris,44.48639724844809,67.48404066744696,18.20419794023262
15,Hazel,62.415850667122314,64.35598392785552,83.0274258777744
202,Ivy,57.96521637225448,61.16812370651762,72.30880662309471
321,Yara Belle,45.41795187954003,64.81816458142998,59.61092524687037
305,Ivy Belle,59.79908672815033,32.03229967112824,84.29091128174394
78,Agnes,60.08637464175413,56.283278464585536,55.47399935075492
290,Sunflower,65.24140649046318,74.06502831888747,25.575503882813127
306,Juno Belle,61.17971928819726,67.12053903582527,100.0
224,Elara Mae,56.29946070931497,77.46903252521966,69.60176582284927
346,Xena Belle,71.01668667871175,43.5516509100613,91.85173592469657
57,Daisy Mae,55.04144459472499,71.63800129252381,58.528285781907265
276,Echo,44.8693205889477,91.61616284712278,20.743299494994925
417,Quinn Belle,61.385730399202885,62.1969479562372,40.83631528008176
383,Ivy May,63.97763058150153,56.96075132900165,74.00557285283818
339,Quinn Belle,58.08359569258767,68.37859781706612,58.3443966010704
25,Lily,52.4778034167342,44.89270401211266,67.39631608750503
33,Elsie,61.794961287330906,73.20284403779286,88.36175572652343
139,Xiomara,64.25434434214036,47.20923006693882,100.0
196,Cassiopeia,60.63445848661176,55.52139206977221,75.49006273806116
86,Sylvia,59.87611510678538,69.91151945843389,43.49961150814799
191,Xanthe Mae,60.69340244737969,87.08599185057241,18.430176481509886
184,Quenby,57.4526800500523,54.348949136662,46.82625898569183
91,Maeve,46.388635818297125,67.01444392764692,31.03826692613989
205,Luna Mae,73.96065943977497,64.00909624085446,78.40569668770323
331,Ivy Belle,60.706413295061495,52.82450760536386,87.07919241392312
38,Beatrice,62.53697591077185,65.40110538826067,65.50010887472308
352,Daisy Mae,58.970723309666994,64.97236809932868,52.75976059746103
138,Waverly,59.82194489322736,72.18766185555593,34.56253840356732
230,Kismet,60.849677902694275,55.623801197529325,99.06315715984539
154,Miranda,44.90939374943646,72.08279917054146,68.74326646130689
61,Zelda,47.34526331779735,81.60239822852186,47.11504523133881
93,Sally Mae,56.87482041133966,63.41211105885059,59.02006784161211
146,Evangeline,57.55578902177905,47.51017691703026,71.0477725744291
1,Mooey,59.43919015921057,50.47733898035094,62.90021199141762
232,Meadow,62.651395928388126,74.17624394077825,80.33564097704574
218,Yvaine,61.47615849246936,64.33056973899166,84.31000082936953
222,Celestia,31.289298758688584,50.98138343465027,67.47862863190866
387,Mila,63.2090303053082,85.40262425878495,25.74279224472561
378,Daisy Belle,60.57653442536903,82.76479356434328,80.42382997193312
200,Galadriel,57.811168696025206,55.18472807953202,77.08276367147224
8,Rosie,68.82972199630257,57.16118508453965,60.83725175609225
291,Twinkle,73.94497571478868,66.89089742023704,100.0
382,Heather,51.186442350231744,72.41706801467073,62.12512525672577
107,Ramona,57.90846945295328,72.50913970336201,82.56157666971049
221,Belle,65.06623050312508,49.9797913168381,66.95338159083224
341,Sapphire,66.60644831204976,46.99304589945536,100.0
271,Zara Belle,54.31312871818514,60.58274980634202,52.48133991718692
39,Phoebe,65.69501363554912,58.08613040074586,93.48674699317641
58,Coco,63.760322991090824,75.8484162798767,61.67644245765291
136,Ursula,61.47082660121363,68.28949688818348,62.54099039497112
149,Helena,57.157143411998966,45.74648947770013,76.33973358237382
62,Rosie Mae,59.33539317421012,49.38473651821799,72.02024036451519
268,Winnie Belle,56.56629199140106,80.88273733838345,33.88653112230915
32,Annie,59.73117244806619,87.4668317775405,22.738191203080763
28,Charlotte,67.25325490494421,67.33193236024448,38.726241568837295
193,Zora,62.632469760273494,77.9434873252131,17.72984118298581
377,Caramel,91.17930821488835,68.40106616500601,25.05239339858086
282,Karma,66.79979813397564,55.70177629323048,32.60952815841711
92,Prudence,59.52925069457442,65.76896863619072,16.964836003282628
164,Winona,44.13054619511625,36.573840584749604,39.50909855234608
415,Olive Belle,65.72009897278677,72.17448683907054,0.0
393,Scarlett,73.49349604181378,49.182779591741365,8.844825410406465
63,Gertie,69.47112814733303,47.45432640508628,0.0
405,Ember Mae,58.48982932985059,39.729425754895736,19.147446298770948
248,Cinnamon,63.85502830354446,45.752334880512166,0.0
130,Odette,77.33673637390022,47.843838692914474,0.0
365,Quinn Belle,60.536832764080806,58.387420539152586,3.791541369162779
69,Cora,65.12410386734119,76.58158870002093,5.721675567880197
214,Ursa,54.674342154340806,65.37515009476225,9.93529163521034
188,Ursula Mae,60.65275164091895,45.13273417777248,1.4169724317606054
356,Heidi,60.89753767590379,53.97603496256576,0.6766694672996536
262,Quinn Mae,77.75103945513736,65.34731005346886,19.78591231230141
54,Fern,59.74340514560364,58.23653671002755,24.9690887382335
147,Faye,71.89386646022884,64.69032699317127,0.0
240,Una Mae,64.72586104171452,55.15446774455588,0.0
157,Primrose,63.263229003694214,48.95749216179153,45.059270258595305
361,Mia,56.32951146626047,47.7104080901706,36.48849661155864
236,Quartz,61.86634134323986,81.74241297398073,0.0
212,Stella Mae,56.66907481814985,76.73757494877654,0.0
192,Yara Mae,58.02999309690819,50.168678655811306,41.17768050664687
273,Bluebell,59.71995290231606,38.934439361057784,42.899831224959705
190,Winter,64.33996436363729,49.030475055736915,14.924230035103953
42,Minnie,67.58641517000005,54.36006715579052,0.0
299,Coco Belle,69.13717702419997,44.52432609806321,0.0
413,Misty Belle,60.34857408951103,55.404980068813856,43.444412548880564
309,Misty,60.47809621758913,69.60533293563265,25.037989182272845
143,Bianca,49.44629555380053,52.6686639554073,35.8259926911321
217,Xena Mae,65.92310117117889,64.59265774923406,19.70146529511383
408,Heaven Belle,61.23573805778196,50.766536388174934,27.277996043903663
228,Iris Mae,59.10270080063095,41.69896327166531,64.18035659020902
117,Brigitte,54.692250422199095,50.50471449891624,43.94085861133597
66,Ada,60.3413384028684,54.44590016000279,26.47595633654711
46,Honey,59.679302479870366,70.93218630649571,5.477288364812608
234,Olive Mae,60.032326135206276,45.675640270743145,17.05893551177852
36,Rosabelle,61.97314879538858,43.620499661713744,4.744572594701708
127,Loretta,56.412809248436545,78.61589186668589,19.880901206900113
90,Lorraine,59.541398692328244,60.485103688771034,33.94115951652263
77,Louise,60.41844227706359,66.53938706394754,17.305774433071598
9,Luna,60.26215225924464,75.61642688027042,0.0
177,Jocelyn,60.67880505201046,48.85950431238058,23.408351652743086
342,Tigerlily,56.682683371009134,44.18248145405558,18.878101698181
266,Unity,63.172814933574685,54.12949368271491,0.0
255,Juniper Mae,66.81654262748509,48.208420954792174,0.0
195,Bellatrix,55.222050131507274,77.59923601030277,27.086028146669253
186,Sabrina,64.02428916785146,43.731370895517856,56.16262735447586
265,Twilight,54.72774505564435,49.76785197386228,44.50802778887333
131,Penelope Mae,71.64568193627008,53.370852240524286,28.933718004613617
71,Esther,61.778896695202505,68.71588225816012,9.616408691364825
68,Mabel,39.43567047383778,80.46727223873803,28.639046178983996
79,Bonnie,42.351901890868156,40.57349316827207,62.969411620993355
324,Buttercup Belle,60.05839887728572,49.6494116098627,49.300251287929015
294,Xena May,62.64953554531137,73.27777175221097,19.302116184787142
60,Nellie,60.27907045113136,63.18853977365091,24.917832326585515
168,Athena,65.95331344693989,41.349421056848755,16.48477173283078
288,Quinn Belle,55.96402047265331,41.405335685197656,3.147774877120497
336,Nala Belle,53.14364813128006,56.45179689839411,49.966403303121105
364,Paisley,59.8098386314913,65.81065715554475,33.806393195396375
376,Bella May,40.471314684400504,43.44045718297652,47.799958689618705
89,Henrietta,56.066585638080944,77.46954873793018,5.369201067481448
156,Octavia,62.41265299711443,50.85627016214061,59.49820912662032
371,Willa Belle,68.44048199784292,62.227540034220624,41.55773205838507
345,Willow May,47.91430642464841,63.84460453055189,34.83927764157668
82,Josephine,60.1770158679205,46.529415449376344,42.954418352005376
315,Sky,80.04958901163131,57.60839593232843,26.390064946713814
322,Zara Belle,64.35575720054545,68.92091727050706,6.598876689954899
151,Juliana,62.15395437927537,75.86411188273082,45.21506791974581
237,Raina,64.07562795213734,70.04749926137167,31.03886781510989
219,Zephyr,80.20345510614365,65.77602546018014,33.41197235602148
396,Violet Belle,61.79259729581145,42.99691499291295,35.171432034743646
30,Sadie,64.05788373134591,55.7431389221295,14.678608600970101
120,Eloise,45.73516298255647,58.34063269048898,57.777984981208206
375,Acorn,60.8744826034958,58.09793271291524,36.53211232538775
337,Ocean,60.62789988649097,47.11449328111135,32.075803377257884
74,Willa,58.28659950331085,67.25163615722853,52.45731274570316
153,Lillian,49.71267316375905,48.91541239421823,50.01521986989301
244,Yara Belle,61.24664078038005,56.849374362947586,21.309581602815385
169,Brielle,86.21205334240678,60.826585757851355,3.385035494074316
37,Winnie,43.73997296201748,55.44706921962454,1.3813068620934246
398,Xena Belle,63.20524826337586,62.55317742512178,51.80758664108431
47,Marigold,73.05210052009215,42.17712585826946,67.40833981388917
302,Flower,58.61737507900387,64.45090056956022,38.10144918003114
335,Meadow Belle,60.670811183224174,78.46860207822218,19.47523582724499
257,Lavender Belle,60.45319566626863,68.69691507847959,15.618533889861986
252,Ginger Mae,67.17643810761305,55.999455258169704,20.00415306278976
233,Nova Mae,70.21692457533618,70.55225735792921,0.0
203,Jade,71.00641577345259,54.74648820582876,51.06688287935686
246,Amelia,61.76819588091769,47.9084029059328,51.064332055366144
123,Hannah,60.32603328545842,61.59136574805839,31.42036942324798
296,Zara May,60.5150434814767,62.017110941050404,14.432529818277473
330,Heaven,61.10444619474463,60.57200319130123,65.36485530721502
174,Guinevere,57.90080949388603,49.78340757721939,69.81785447053346
183,Persephone,63.88003170910816,73.27388217783438,22.215255503030715
31,Lola,52.595256955446665,50.91287427031398,33.427134761395976
289,Rainbow,58.85067750465005,73.45761402620488,63.07053977352753
319,Winnie May,55.03908638133401,70.82238151714937,56.841696987854235
162,Uma,59.06740638861242,66.33937375983363,60.039566322031334
251,Fawn,61.54255801247366,55.38962162502982,58.58965464723371
166,Yara,77.21923599653388,56.96180890616062,81.61806503634088
20,Ruby,54.41313583023832,60.86664928476445,69.68823671458182
116,Abigail,46.362291403987165,43.77288039106738,75.59046550149935
229,Jasmine Mae,64.63478829999913,70.80906451960473,68.15093426404738
354,Felicity Belle,42.93705643687711,64.528857869246,55.41818738776739
150,Isadora,64.23972964630602,45.07223402358743,66.69281074927311
181,Nia,60.67677070997462,77.26636584688698,32.014312373863035
5,Clarabelle,43.911036234707815,48.78657991763296,55.48211686657087
182,Olympia,53.41922500863008,53.63929073494339,45.04129195627968
2,Daisy,59.347698660881626,64.03188586241608,13.52894977654524
109,Thea,55.73827427085737,49.862286708168696,86.53163508648117
313,Queen,43.53917565316257,76.8996095887444,50.20795771193847
122,Genevieve,45.575242525195655,59.61562369949433,54.014256856812516
314,Rose,65.8691553505401,58.85717206574858,40.47138124964739
163,Valentina,81.22824143434983,63.59586924289357,29.40240527106997
145,Diana,67.07959710601237,51.38469028469374,33.34190354647399
386,Lavender May,60.896517348065444,33.5791188406034,100.0
369,Uma Belle,65.14037105367977,54.85761239350998,72.5910935693526
167,Zinnia,58.09094546528131,44.58429273410617,81.32026840070057
304,Hope,62.220604425786505,76.49556186111379,38.6102430672202
199,Fiona Mae,50.03779492585622,54.87948465858237,55.02620663829805
275,Daisy May,68.7018093608773,63.41685494369271,36.64221923821166
26,Bella,61.46838929418665,62.577695345646426,31.330844031317223
67,Harriet,56.181647305176085,59.78516352291175,23.86478980938031
264,Starlight,41.116750298275576,70.95872525943359,60.33637488396256
6,Clover,46.53793043959422,70.04118623243023,51.86477637845585
374,Zara Belle,59.303388986476605,71.32590857805259,78.53555805338056
44,Georgia,59.661955768262,44.36365291999762,100.0
357,Isabelle,61.440876047415514,70.842197885628,67.62296658551571
395,Ursula Belle,55.559477699054945,47.52822284679505,71.41447896866025
201,Hera,47.07147135912247,64.65650800269698,50.31917041608622
189,Vera,72.558546391851,53.32169162577378,51.05602499834644
103,Nancy,56.9317395403497,66.1286419127045,65.84583171002089
125,Josephina,49.67395836633459,55.62824290190578,54.031203654485644
187,Thalia,53.41873702402812,57.92071792817118,46.209972283928956
403,Cassie,59.58179092368539,48.44067267264961,48.735372461738535
114,Yvette,72.3892744524598,59.37181322073448,100.0
197,Daphne Mae,63.47161223546854,56.32697606529594,94.54234477676545
119,Dinah,47.253432322285484,54.79529290688585,57.0831509441794
362,Nora Belle,56.42538419521339,68.33106120159742,40.498148130339096
121,Frances,55.0740385664151,56.43446661696315,44.3811902292643
175,Hermione,71.25111672880735,78.44776480445681,78.76899887271583
253,Harmony Mae,59.41700513719034,60.7633558666807,48.715729223308855
132,Quinn,60.98868368349989,81.50508561792321,84.23940177250341
106,Queenie,56.058957680753565,71.32735565874395,85.81188736729314
172,Elara,54.87035095312433,42.852300978132675,100.0
70,Ida,61.30039769756797,64.35517694123894,66.91992448956634
185,Rhiannon,55.27823314891774,58.463248602706805,67.23599450376925
34,Millie,48.46954901213602,75.2879731012504,46.2008766368871
40,Violet,59.45310547518717,69.83902718737541,43.20772383101649
152,Kiera,59.47122880425775,64.60859865520037,35.937992469871375
281,Jasmine Belle,60.43233500595987,43.13162493008072,99.43826208035486
347,Yara May,72.6261203640617,87.93513077904498,32.07053580691137
256,Kaleidoscope,44.37887224472072,51.13693179105541,59.20861935349502
392,Rosalie May,66.64766450993727,63.75341697396548,100.0
29,Stella,59.85361549887294,67.53021597889993,77.16827856008821
22,Clementine,73.47602119083214,77.4017714953898,54.39456457684616
135,Theodora,52.839575997550966,38.717333392368616,76.45981606398061
391,Quinn Belle,62.63700162588792,46.65641950657238,59.549453918712565
226,Gypsy,60.73074952826372,70.78256055545899,86.24318177382722
155,Nova,58.59561502644637,67.9608901383983,74.75974166519512
55,Opal,61.07032906530464,68.62967410266951,68.90968519657295
286,Oreo,61.07578958504161,62.19220340672025,87.19711100544703
17,Petal,71.36528698798926,53.27238888471614,100.0
363,Olivia,63.13597453498536,55.21408676109685,87.82839956076917
418,Rosalie Belle,62.31318967532022,81.10765327585683,59.39709289252882
295,Yara May,52.05897150309205,55.486165407007384,82.50003901686537
416,Pansy,58.23286914367766,81.04381927789834,48.14920359261788
209,Pandora,60.63847321962771,67.88166850641379,59.45635231930545
140,Yolanda,62.78727180156639,77.84616304749258,44.09717925472032
45,Delilah,57.03611081390722,59.46328581158051,59.887233108014826
269,Xena Belle,61.20924614092997,64.61684521366658,100.0
420,Tulip May,55.31046035834997,61.69521970391887,43.43426081930175
210,Quintessa,60.25119211814345,55.47338884675689,70.05771480782352
298,Bubbles,52.59073886395396,54.32926678871129,65.14729604646709
