360,Lavender Belle,83.89139318156937,96.86961591250649,100.0
308,Lily May,72.15300198061517,95.4774762983749,100.0
230,Kismet,68.0496737074656,83.18667322983582,99.06315715984539
284,Maple,75.58043327392103,99.98582714269853,93.49596965419619
44,Georgia,62.64302536686602,82.91659450121048,100.0
114,Yvette,67.11958380167023,86.31248899244042,100.0
278,Ginger Belle,69.36253122104326,91.44519544841968,76.94190767875007
132,Quinn,68.00167916759972,100,84.23940177250341
241,Violet Mae,61.31939263606717,94.63838903459802,83.19078492969925
357,Isabelle,61.85092042538192,95.47955512338169,67.62296658551571
346,Xena Belle,62.58426259922659,67.89435332877417,91.85173592469657
291,Twinkle,71.63848260972159,74.17102507737151,100.0
306,Juno Belle,68.00349702467395,88.32792169654499,100.0
39,Phoebe,67.72488970393387,59.62943335079418,93.48674699317641
13,Penelope,63.0536893040668,67.66429948715374,100.0
106,Queenie,65.37912584057152,100,85.81188736729314
64,Flora,72.92349069076275,80.8328864201241,100.0
170,Calliope,59.000971359786604,65.93744092754882,78.24874768844333
105,Patsy,61.234004280948916,100,62.523800388958875
161,Tallulah,60.996376947418234,62.74277538045804,94.24673690282782
380,Fern May,59.651110470806714,21.806224922480574,59.45129867788923
210,Quintessa,60.1478856952596,71.45750187838263,70.05771480782352
83,Lavender,60.73494258117631,69.94269525557411,70.3181508235252
12,Matilda,63.71385243508056,92.3386292620758,82.42398093268879
239,Tulip Mae,65.06029109341198,91.10121675301117,88.50945447616668
117,Brigitte,59.581183337911234,89.68611191945995,43.94085861133597
313,Queen,57.25683401887083,83.20378749237268,50.20795771193847
100,Kitty,63.345147218967114,69.55857688857843,97.79374802628925
267,Violet Belle,66.47263198896829,100,83.52461069033635
70,Ida,58.75138178593984,61.71495511553156,66.91992448956634
58,Coco,58.51702838103473,66.81052654745099,61.67644245765291
208,Ondine,73.88255828795732,94.31815428069578,100.0
141,Zelda Mae,69.41256715966585,87.72861525302146,87.25394864866774
321,Yara Belle,49.0841667866717,64.83079971108742,59.61092524687037
111,Veronica,59.39978352350541,100,49.66613801050426
55,Opal,62.754804644354756,90.96882268232915,68.90968519657295
310,Nova Belle,65.35476466416588,87.91014335389217,73.69677834658361
347,Yara May,59.36401116471043,84.55340168583615,32.07053580691137
88,Tabitha,59.86023636767001,46.36006560786433,100.0
395,Ursula Belle,59.26078078252143,68.36014252582561,71.41447896866025
409,Isabella,60.68466137969726,92.43161893384585,61.68529227270035
138,Waverly,59.058591752242855,77.05529464303311,34.56253840356732
182,Olympia,61.447147673105995,99.79319135843033,45.04129195627968
229,Jasmine Mae,58.446435449301724,57.04672634682033,68.15093426404738
264,Starlight,61.16502557236271,100,60.33637488396256
290,Sunflower,59.15396005602621,82.73713475158375,25.575503882813127
399,Yara May,60.613484484663296,68.75398001419659,13.82461071959603
300,Daisy Belle,60.89043566470332,48.38023802988835,100.0
323,Apple,59.44060048415701,82.16208977616925,18.92668971664962
221,Belle,58.79370469955951,69.3378932388066,66.95338159083224
222,Celestia,60.181371505711276,85.59689525105752,67.47862863190866
276,Echo,50.80512956918626,73.34614917721588,20.743299494994925
129,Natalie,61.19622307029556,77.28153757423316,86.25910683365714
348,Zara May,60.988283788528825,90.17506289093258,55.771206651915946
150,Isadora,60.948427460035894,25.227966269074454,66.69281074927311
329,Gloria,59.36823525176837,83.74750164258366,80.04798167201045
146,Evangeline,60.98467660381934,73.06788990436885,71.0477725744291
159,Rosalie,60.31441877648933,63.937891946785875,20.898935320976243
209,Pandora,59.13328492666423,99.15319500929724,59.45635231930545
352,Daisy Mae,60.433066741935214,91.4630190388508,52.75976059746103
22,Clementine,59.80780374298648,26.505069618917325,54.39456457684616
289,Rainbow,60.862221008990694,79.65133660171857,63.07053977352753
86,Sylvia,59.8787676963734,29.11408930398261,43.49961150814799
316,Trixie,59.493568686552806,92.56807469532305,61.59851206549226
248,Cinnamon,65.04018471241065,66.65088033162844,0.0
339,Quinn Belle,61.01017107315391,97.67190585944549,58.3443966010704
75,Adelaide,66.5573756565957,23.75731184195148,34.52114947546283
319,Winnie May,61.717993458407875,94.29418729757609,56.841696987854235
349,April,60.01773940852989,27.139246439347588,32.71759918431782
41,Maisie,61.91103799350239,67.43496504940009,74.70516656324033
24,Jasmine,59.74351732793453,9.42286507405166,29.691852285351487
185,Rhiannon,61.31801454726749,68.91771093379526,67.23599450376925
255,Juniper Mae,63.60103582034358,16.324304068501515,0.0
386,Lavender May,59.65262748794755,32.40776598403683,100.0
180,Margo,62.60713462620452,0,24.31661590355249
126,Katherine,59.89927381126904,18.205530973021478,21.868079816249026
261,Peaches,60.58856694062104,31.47879606009137,6.556204035016549
419,Sienna,64.08475709992871,16.87585723912266,0.0
355,Giselle,64.43621298725981,41.266031267822825,0.0
266,Unity,62.881927674770544,6.071579535446338,0.0
216,Willow Mae,60.50050428656037,42.15016689869343,0.0
375,Acorn,60.19185941029691,31.124272916150264,36.53211232538775
206,Maeve Mae,60.376524908634885,20.002282568521608,34.61049046781984
177,Jocelyn,60.335593191101076,19.904304144807448,23.408351652743086
415,Olive Belle,60.672257883627765,22.516101890364176,0.0
122,Genevieve,56.292520090220485,14.2120148243556,54.014256856812516
288,Quinn Belle,60.13035993217884,45.97522376535559,3.147774877120497
299,Coco Belle,61.11377784652084,41.016952188585726,0.0
82,Josephine,59.53107222519024,30.137949738519364,42.954418352005376
90,Lorraine,59.99672001148119,33.86790852030418,33.94115951652263
420,Tulip May,60.57676185621885,29.382934350845506,43.43426081930175
309,Misty,61.16901932660801,40.860845023487286,25.037989182272845
215,Vesper,61.03598774548755,59.183704745666994,0.0
343,Unity Belle,60.45529914974981,26.390566411297435,15.36187343500719
297,Angel,63.33679362555976,15.022140129238572,7.771587973016459
302,Flower,59.824426677624764,42.32968502693935,38.10144918003114
212,Stella Mae,60.547646510849994,66.92951545102883,0.0
134,Seraphina,61.65481977572978,35.064084463600935,37.460697623584096
233,Nova Mae,59.81737488038339,85.45328275707884,0.0
285,Nutmeg,61.00926783393599,34.168353587280556,38.82989067697795
217,Xena Mae,60.63450917685015,46.61981164146653,19.70146529511383
223,Dahlia Mae,64.13760489083809,49.410066626081246,11.52322953465346
10,Molly,60.05860140719446,29.47120288717604,8.581105505706333
400,Zara Belle,59.014117440194724,38.85614431153518,53.10304243145749
43,Olive,60.84507043434766,39.55075519824435,34.546375336127326
334,Lily Belle,61.17150386460384,30.712399039750395,22.843629417852917
147,Faye,67.31678407352682,38.158213866721596,0.0
66,Ada,59.44923426147105,56.36526065343056,26.47595633654711
335,Meadow Belle,60.5838141450104,61.41993491598522,19.47523582724499
79,Bonnie,49.80634271832294,27.295014814481508,62.969411620993355
340,Ruby Belle,61.02999989123841,25.100729242326643,54.72755380525175
391,Quinn Belle,59.68985982578266,0.501770599626016,59.549453918712565
211,Raven,61.789709618150766,40.32280865774402,0.0
127,Loretta,59.40776423595977,72.3999964479048,19.880901206900113
32,Annie,59.37648085402012,56.83538125087935,22.738191203080763
373,Yara Belle,59.904268934950366,69.82415774695137,0.0
214,Ursa,59.718589549409806,57.94058177530421,9.93529163521034
77,Louise,60.7839503626753,31.78518305084538,17.305774433071598
397,Willow Belle,60.074792578502404,74.91338409245405,11.607689919523786
78,Agnes,58.757326452972116,40.568280990484176,55.47399935075492
201,Hera,59.87833909565381,31.93742354114248,50.31917041608622
118,Camilla,59.468477799653776,26.71507634969517,71.23725420933042
123,Hannah,60.160320710099064,55.904228640949206,31.42036942324798
244,Yara Belle,61.10877631784917,57.597717002340595,21.309581602815385
243,Xanthe Belle,59.313167827166865,34.523717203965795,40.75104133755657
26,Bella,59.75261258850937,37.559808179000825,31.330844031317223
213,Tara,60.634599554381694,17.717752976556437,78.19061911754267
365,Quinn Belle,58.53012184683072,87.26319276896879,3.791541369162779
265,Twilight,60.39073184207592,41.076447697822616,44.50802778887333
145,Diana,61.20903210445628,27.103981324613763,33.34190354647399
37,Winnie,61.12653303362119,100,1.3813068620934246
42,Minnie,59.929384287550334,85.89375520375239,0.0
393,Scarlett,64.77769206250751,59.291061072042254,8.844825410406465
379,Ember Belle,55.9036322072259,36.12007927908785,24.639262701125016
165,Xena,64.74197992335606,11.636610615734751,7.41370768225957
225,Fern Mae,59.28521181340192,62.044341679430396,41.09097666912308
186,Sabrina,58.517253803122266,39.93436199184709,56.16262735447586
137,Vivienne,59.4937337815085,43.88050840498915,40.71937867572966
30,Sadie,60.605294644473524,58.0719146344664,14.678608600970101
119,Dinah,51.13098683832433,51.01807031753356,57.0831509441794
154,Miranda,60.306127947905125,17.974449328297904,68.74326646130689
89,Henrietta,59.985770753242896,75.27918547464805,5.369201067481448
45,Delilah,61.103275368404255,7.629275453714307,59.887233108014826
322,Zara Belle,60.975244651184525,42.38487389863313,6.598876689954899
287,Pepper,59.57627836276816,79.9730264373942,28.306458343693116
171,Dahlia,61.03557649254064,81.89304962840163,17.153754461222654
189,Vera,58.959344809087206,57.084539653251554,51.05602499834644
207,Nyx,58.60555916891401,73.91313862168995,19.03778479137982
292,Violet May,62.00522359028103,42.72984491490917,23.548194121686763
190,Winter,60.121155322750795,46.137150816863354,14.924230035103953
282,Karma,59.52730545571688,78.81284009061747,32.60952815841711
254,Ivy Mae,60.215986380217366,42.33525381697101,64.35836122310374
411,Kitty Belle,59.15838178479523,15.699054273475017,86.31479617908425
67,Harriet,59.36779074112887,61.79511554637415,23.86478980938031
338,Peaches Belle,59.99671915220008,27.116034551447438,45.95590135962522
231,Luna Belle,60.58473596862032,55.82804194940473,3.8812457744695905
25,Lily,55.39601595528986,51.641822307358886,67.39631608750503
416,Pansy,60.703632157177395,72.34462924238981,48.14920359261788
304,Hope,59.07268460320284,80.52607157263634,38.6102430672202
2,Daisy,59.8607712245926,100,13.52894977654524
376,Bella May,46.339034270438404,57.706132330527936,47.799958689618705
333,Karma Belle,58.76491322738546,38.504787041027235,54.434099157928024
200,Galadriel,59.848485924554765,13.987834068601686,77.08276367147224
188,Ursula Mae,61.34510083730471,73.22617819108201,1.4169724317606054
249,Daisy Belle,59.098954589661666,67.47255863557116,51.477786259373474
366,Rosalie Belle,60.39456814384121,24.022228933255647,93.41409512175214
8,Rosie,59.80207605304173,50.980181571496395,60.83725175609225
191,Xanthe Mae,60.27079647841151,85.01079207929226,18.430176481509886
142,Aurora,56.38544248684759,50.09356136006156,67.13559405579488
361,Mia,60.41080402237085,54.5694787364228,36.48849661155864
238,Star,47.763029030466555,40.7936604780067,43.74397359810099
275,Daisy May,58.540886287942925,31.63277405206283,36.64221923821166
120,Eloise,55.28626854041509,69.87451336593888,57.777984981208206
149,Helena,59.400600260785616,29.83369017350334,76.33973358237382
160,Serena,60.30411073862317,34.39940461865982,93.73423125138618
93,Sally Mae,59.73956096822285,47.24473248448394,59.02006784161211
218,Yvaine,60.80184409516773,12.834553390332704,84.31000082936953
403,Cassie,60.85710708690587,36.924942832779784,48.735372461738535
97,Harmony,59.843461772197024,53.76678488273639,25.832220196136294
74,Willa,60.7281258515685,77.09021089386181,52.45731274570316
413,Misty Belle,54.37205550529771,82.1303337561937,43.444412548880564
60,Nellie,59.83211447740335,97.21281580870921,24.917832326585515
50,Martha,55.728684100817915,78.36485985387037,28.50151088703295
234,Olive Mae,60.60679901562983,74.41629441971622,17.05893551177852
387,Mila,58.666075308007784,96.61241045836034,25.74279224472561
178,Kaia,60.3206049748186,52.337225925954826,46.41912251740441
402,Bella Belle,68.6057037797971,60.60709451582193,19.48989101302382
174,Guinevere,60.457196294353786,46.851620658149,69.81785447053346
54,Fern,59.15168002992016,81.83912462330156,24.9690887382335
84,Martha May,59.92782224295224,38.72177844678074,62.1395140440342
29,Stella,59.246615167823784,20.679637924790963,77.16827856008821
76,Winifred,60.21465209370952,52.72373225670246,80.93631667739581
372,Xena May,49.67116767026347,54.49122251762603,73.37820915990186
96,Harper,58.02817980916716,64.63362150978122,59.00737407126234
371,Willa Belle,58.62324813427929,76.38987253713907,41.55773205838507
246,Amelia,57.68493321450963,62.76821839534514,51.064332055366144
143,Bianca,52.12735360298219,71.84293887775664,35.8259926911321
103,Nancy,60.1308120350773,30.144387319111985,65.84583171002089
362,Nora Belle,59.09359509773985,83.82511866957864,40.498148130339096
140,Yolanda,59.71028260690499,58.58795597730636,44.09717925472032
113,Xanthe,60.259415702005036,64.70370333530681,31.53581355452371
232,Meadow,60.935884427973285,67.27660762302,80.33564097704574
341,Sapphire,57.45992018389993,24.50790664722802,100.0
1,Mooey,58.038488304904575,48.55185551146799,62.90021199141762
330,Heaven,59.28668397285551,35.75135454250085,65.36485530721502
65,Gemma,59.52484478358218,56.507977820803646,41.358168167645324
48,Delia,60.25739877068795,78.82051317713906,13.824862151210986
116,Abigail,53.199006367881275,71.51910886589114,75.59046550149935
197,Daphne Mae,62.66518136149314,48.13105165349276,94.54234477676545
250,Ember,59.593893427903765,67.25242836493756,73.96190964377153
139,Xiomara,59.746613416116126,22.684939590609698,100.0
258,Meadow Mae,60.582942353149576,64.62100339336236,46.29540999299665
331,Ivy Belle,59.888488693344755,60.68190221591637,87.07919241392312
312,Pebbles,59.85210970454402,62.399336363666784,66.4355955105053
40,Violet,59.47511503392243,80.33565374109526,43.20772383101649
203,Jade,60.446627936995895,58.728286886512876,51.06688287935686
350,Bella Belle,62.348752431335164,71.37790929815324,76.7772766172232
251,Fawn,59.49876570927639,75.13910263216556,58.58965464723371
314,Rose,59.18424990769041,86.53729351553696,40.47138124964739
293,Whisper,58.77109548837613,38.246237143202734,80.85638045574863
131,Penelope Mae,59.91889537645269,100,28.933718004613617
277,Fern Belle,59.22530850760369,91.0779382592278,21.493692509974903
193,Zora,58.129980446487714,90.74853213742776,17.72984118298581
125,Josephina,50.81325645859265,49.27168771720174,54.031203654485644
33,Elsie,60.50222996951943,53.53666101299544,88.36175572652343
133,Ramona Mae,59.54895022476823,80.77259334890768,47.22545831209767
320,Xena Belle,59.875530133832015,48.39934828582514,68.33565059190789
166,Yara,59.19198510923971,48.29196476091194,81.61806503634088
295,Yara May,57.39816050397886,35.18235906505154,82.50003901686537
153,Lillian,57.717293905982274,76.15607547951528,50.01521986989301
205,Luna Mae,59.64602234929998,43.82591470139682,78.40569668770323
247,Blossom,61.57476136681346,87.4349641061115,81.38329008170857
175,Hermione,59.217489495333595,54.69654569723821,78.76899887271583
91,Maeve,45.086462371819685,97.41824040404583,31.03826692613989
110,Una,60.96510959169089,60.451457026313705,91.95578198280276
374,Zara Belle,61.99212976785159,68.99085583155258,78.53555805338056
167,Zinnia,59.50910608722668,58.49317907067318,81.32026840070057
15,Hazel,62.53700517664388,100,83.0274258777744
23,Poppy,72.35728118123299,76.8224046452043,100.0
392,Rosalie May,60.444778196174944,37.86264191141901,100.0
224,Elara Mae,69.0154889155345,95.60153338571287,69.60176582284927
359,Kara,59.075840606250395,28.82003654169151,100.0
14,Fiona,62.948079236347944,94.53736020176967,62.433280941281716
226,Gypsy,65.3593817971029,86.78139966042718,86.24318177382722
369,Uma Belle,59.76216461386872,75.90773228172205,72.5910935693526
6,Clover,60.487598463817854,93.42698680599618,51.86477637845585
345,Willow May,58.303347542111666,33.67453275990902,34.83927764157668
353,Ember Mae,60.541350698268545,28.96964468336511,100.0
259,Nala,47.840360853825345,80.16005333809159,46.34167829929327
99,Juno,58.833017347411094,58.45797996422016,61.29993186726804
410,Jasmine May,59.21917764714897,37.806770154152574,77.78206115219615
384,Jasmine Belle,59.94662168691919,60.37951439778702,50.625622569234515
62,Rosie Mae,58.896961010926915,33.074448315086975,72.02024036451519
52,Tulip,60.36853804811272,91.58382620782476,2.009997239864056
71,Esther,59.84950683847402,79.30545588290516,9.616408691364825
49,Juniper,56.99582657841216,43.650188604933525,39.341617018442115
16,Freckles,61.88626051368971,40.33402876966923,35.369430223693115
385,Katie,59.57010965702872,25.147240151503517,44.741786867929505
80,Edith,60.37627195384252,34.423732821890596,27.950803222197695
31,Lola,60.41811912787999,21.904165022369074,33.427134761395976
332,Joy,59.72429843129154,32.23555739371863,11.614157629266245
63,Gertie,59.44004380674361,28.18509404412682,0.0
382,Heather,59.76923833994272,67.10006325064454,62.12512525672577
414,Nala Belle,60.587483898831,1.6697431731854708,56.127973476320406
9,Luna,57.888610430352614,27.738184838138324,0.0
342,Tigerlily,60.54964819920963,25.354670752255316,18.878101698181
69,Cora,60.90016931177189,49.92862999783125,5.721675567880197
356,Heidi,61.231492763005974,47.577529648426676,0.6766694672996536
296,Zara May,61.381743604755414,31.10161025335816,14.432529818277473
408,Heaven Belle,60.21267784812397,29.1762639874334,27.277996043903663
168,Athena,59.49906802222423,16.01268963414912,16.48477173283078
252,Ginger Mae,60.232164547151605,37.654885512920195,20.00415306278976
144,Calista,59.679085505292825,46.88886054519214,21.93261941696714
307,Kalea,74.87895031247479,33.3293099292326,21.822855938501707
337,Ocean,60.690370394889996,13.48572523448513,32.075803377257884
417,Quinn Belle,59.4239161241279,31.55990261948684,40.83631528008176
68,Mabel,51.7799279610137,42.847825226143584,28.639046178983996
405,Ember Mae,59.84893715566219,13.212950369408546,19.147446298770948
102,Magnolia,59.93935435415578,59.48135418346922,7.921143474914004
396,Violet Belle,60.59986331362364,23.21899070010783,35.171432034743646
176,Isolde,60.12735697297346,40.793931780864284,14.754022763006404
344,Violet Belle,61.54235711995739,11.111233588970546,24.486632464815237
95,Gladys,60.585249410942886,28.625047349101912,51.15944957964427
245,Zara Mae,60.39189396211065,75.16451780041376,0.0
184,Quenby,60.64170597799224,23.844405709715886,46.82625898569183
192,Yara Mae,60.71123335967514,22.88448145329617,41.17768050664687
301,Ember Belle,59.095819049075196,67.5587559682522,25.147697336230507
130,Odette,69.25312196647454,42.61650525047592,0.0
115,Zara,60.70461853565977,47.280747209430245,34.535249441990814
257,Lavender Belle,60.29449014525245,77.58850461858428,15.618533889861986
56,Betty,60.39668827664621,69.51315636849407,18.78572691868777
164,Winona,54.48115518590779,44.097489870268305,39.50909855234608
7,Holly,59.898749712469964,43.97859777457737,25.805711651208018
394,Tulip Belle,60.15799386448213,1.0185295852626854,46.99644908153687
108,Sable,59.484220591324345,67.078908338642,24.028749779808063
5,Clarabelle,56.985375614564894,28.59446643201135,55.48211686657087
283,Lily Belle,74.33391683745418,31.167799647108033,33.59568354204245
407,Gloria Belle,61.08932075511058,41.99518566692798,4.960921172618185
158,Quincy,59.92722447920614,42.6884659999423,46.49556087716784
324,Buttercup Belle,60.24134180018919,35.89683653718727,49.300251287929015
27,Lucy,60.16769063527483,61.3348356736016,22.37862459932193
85,Ruth,59.73008499160169,36.92543741325306,41.67141222258546
370,Violet Belle,60.509097646286925,45.652069072143505,25.342202352669247
227,Holly Mae,68.20050232939938,47.84319380495482,38.376739168508
73,Hattie,59.93870998163173,59.16721379750389,23.95723373524257
358,Jasmine May,60.89805259286824,74.09060309403706,4.255439917767674
46,Honey,60.863715979779194,60.92651796555456,5.477288364812608
92,Prudence,59.67731067638809,81.40023586774473,16.964836003282628
53,Daphne,60.68471328650329,35.491441756416364,58.52341324317557
237,Raina,60.208295613960274,53.14979141861704,31.03886781510989
169,Brielle,78.4926646543949,59.77760105874991,3.385035494074316
368,Tilly Belle,59.544707937964034,70.86967256706173,40.158636494605034
173,Felicity,60.070104272952676,57.68624600241111,40.98332148826616
219,Zephyr,60.59699993535854,52.68965601723022,33.41197235602148
260,Olive Belle,60.78362413854245,45.34133506626101,15.485333211369912
377,Caramel,69.4119604391145,79.76575211047428,25.05239339858086
390,Peaches May,61.18979086594224,54.78030220729915,29.520965294895742
35,Pearl,59.60364491377408,69.94459051773217,34.254133574949975
318,Violet Belle,58.13009847628579,73.07192172308366,17.390075351307573
236,Quartz,59.476452738146875,82.11520526744638,0.0
228,Iris Mae,59.85974412563007,57.233697336050454,64.18035659020902
36,Rosabelle,59.225912736829734,90.6809605919906,4.744572594701708
311,Orchid,59.38900063507004,52.79259055014762,24.16235889112957
11,Ginger,60.42093620262488,53.51347667267027,10.766411349424544
367,Samantha,60.18377730630328,90.42185491278717,25.95943300139085
220,Amethyst,59.09755914531432,31.894163033075102,73.02536624280881
172,Elara,56.58237492456638,0,100.0
187,Thalia,59.831080382921776,30.17385219427431,46.209972283928956
202,Ivy,59.66422183840754,42.075602820413614,72.30880662309471
280,Iris Belle,58.80519510229396,67.82492063050321,42.32588377270336
406,Fiona Belle,56.91073691545306,61.900542471777655,43.529214416016046
273,Bluebell,59.52114594330821,40.123596742995005,42.899831224959705
328,Faith,58.96116406379383,45.24309869042462,66.22478681736968
194,Amara,56.22860362820915,36.639059850435935,73.80678807548284
135,Theodora,52.33309082352446,27.404290032610906,76.45981606398061
262,Quinn Mae,62.60729394371714,59.842462723282935,19.78591231230141
398,Xena Belle,58.215345147156135,65.89500584262991,51.80758664108431
195,Bellatrix,59.89472472557291,84.26066925520892,27.086028146669253
401,Aria,60.38721055705697,53.50958481795852,29.97545317023558
240,Una Mae,59.798820698806395,76.07088332523148,0.0
81,Imogene,60.7443103846467,55.221129284894744,16.87390728369757
19,Pumpkin,59.441519107476076,50.20452552172617,71.28135316156802
157,Primrose,60.33144481226003,87.05138529996736,45.059270258595305
412,Lavender Belle,58.40718673244436,53.10883222064538,69.6838186607624
20,Ruby,58.740857566184985,45.66462141876384,69.68823671458182
303,Grace,59.1552612431721,42.16724610563266,56.20330623245677
152,Kiera,60.49131123647622,92.38358083497755,35.937992469871375
151,Juliana,60.86175987040742,80.12005915715802,45.21506791974581
363,Olivia,58.47466897698512,33.790527049104924,87.82839956076917
204,Kira,59.3781607319025,62.8396612324934,47.03755901577599
242,Willow Belle,60.583395837643465,69.27541287759668,18.83247961057288
389,Olive May,57.287318933136284,53.507153892202666,29.567240893017406
272,Amber,58.52796000751299,69.14618260918743,61.25863738923675
256,Kaleidoscope,54.253412217839134,76.82127988855328,59.20861935349502
325,Cinnamon Belle,58.65141135243722,84.74098134837321,42.662839940714186
156,Octavia,57.560953631272405,47.01903919274831,59.49820912662032
315,Sky,61.143735689118664,73.96141873360484,26.390064946713814
72,Nora,58.031684369668554,52.446809574438056,42.14626063965063
381,Grace Belle,60.46978528060441,43.63343233637755,46.46916687817712
101,Lacey,59.935268818048456,51.01717090076269,85.37359925655221
305,Ivy Belle,61.988692811692054,46.785155046882856,84.29091128174394
112,Wendy,58.74183243291808,48.27532886081089,73.77893511511023
271,Zara Belle,59.06273248791547,51.69629700154109,52.48133991718692
183,Persephone,58.48526824959062,77.80617988984274,22.215255503030715
388,Nutmeg Belle,60.30914723380202,66.98103588908408,22.95690277417993
3,Buttercup,59.69748462895503,46.14389407957638,84.99274923222447
34,Millie,59.139133051883604,80.3704460380367,46.2008766368871
4,Bessie,57.18295196158687,46.591949884154985,65.83556781226909
326,Daisy Belle,61.134376673155614,79.41650148315462,71.16582932709801
136,Ursula,58.946673132418354,68.9765675337098,62.54099039497112
279,Hazel Mae,59.63399578459742,49.56847028966178,69.46244013225625
38,Beatrice,59.40644456032177,48.71933889116017,65.50010887472308
317,Utopia,59.35472007145629,45.22486666364571,62.73102323906643
181,Nia,58.277881105353714,73.01961124493839,32.014312373863035
298,Bubbles,60.1631301131429,24.368259669528193,65.14729604646709
327,Ember Belle,59.34751749809078,64.87855594602811,71.9302137439784
418,Rosalie Belle,58.212344759864585,73.01660664907001,59.39709289252882
107,Ramona,60.583386092775605,26.394568824204317,82.56157666971049
196,Cassiopeia,59.30959874449969,55.26372069799961,75.49006273806116
109,Thea,60.406471428210494,22.532931687960062,86.53163508648117
198,Eowyn,59.23648706331129,69.53894079191065,33.753344564485104
163,Valentina,64.97265170897373,69.56166953029393,29.40240527106997
268,Winnie Belle,56.048287721225755,82.52120310352578,33.88653112230915
57,Daisy Mae,61.53851579970686,91.5901632290759,58.528285781907265
124,Ingrid,61.41101207415213,43.47456237689032,100.0
61,Zelda,55.93964993219968,90.87330515901417,47.11504523133881
286,Oreo,59.677802080877065,45.58470165079249,87.19711100544703
336,Nala Belle,59.61031264948879,59.247045497312065,49.966403303121105
21,Willow,55.29472265730691,50.029156270422305,55.77480390178067
17,Petal,66.11242170066234,65.55276243643054,100.0
253,Harmony Mae,61.48798127403792,100,48.715729223308855
364,Paisley,60.873204083637255,95.09598716200324,33.806393195396375
162,Uma,57.01731396523357,64.85718109170537,60.039566322031334
179,Lavender Mae,61.20281810204696,77.44651998822972,88.81613331216437
383,Ivy May,60.1206716615065,70.25790760904486,74.00557285283818
51,Greta,58.657468829746755,36.9774719700913,100.0
18,Dottie,58.630389249556444,68.38843392426985,62.74886744314247
235,Petal Mae,58.32471213457299,76.22438137630797,50.59313505325972
98,Iris,50.34328743359341,98.35462010374911,18.20419794023262
270,Yara Belle,58.67981953521295,85.68343003183043,46.96844052241869
94,Dolly,59.79640506920439,92.32763005834275,27.76148907866112
404,Daisy Mae,65.28943013555266,81.13219280103021,80.82726400095856
155,Nova,62.162960910718986,82.02286006827259,74.75974166519512
378,Daisy Belle,61.74182667191513,50.272044202357264,80.42382997193312
121,Frances,61.430861740678,82.34425524435733,44.3811902292643
47,Marigold,57.78333010720208,49.0501911352194,67.40833981388917
263,Raindrop,59.06062436430117,57.81769328590768,52.83656055695951
269,Xena Belle,61.16576239807316,44.63990005579571,100.0
104,Ophelia,59.73944278269305,87.22206056188315,48.99375351443238
148,Gwendolyn,59.9103083964842,63.67809690831742,62.763865043904985
59,Eleanor,61.105804139841425,90.05779275817656,83.88839997417709
274,Cocoa,62.075106284634806,69.63754921404987,84.72801685475343
87,Tilly,60.883187044399826,80.32257023507435,64.75540038248161
199,Fiona Mae,61.35264157029818,92.90311412632849,55.02620663829805
281,Jasmine Belle,60.65935044507992,29.072017599721775,99.43826208035486
351,Candy,58.75668376529124,66.06656718680264,74.42555645829133
28,Charlotte,58.36130295388165,86.78951667384969,38.726241568837295
354,Felicity Belle,49.79681429784269,78.3335716300374,55.41818738776739
294,Xena May,59.45063685616179,96.36136427034063,19.302116184787142
128,Miriam,54.83167045242362,86.8314569188891,39.740317769883426
