64,Flora,63.84886222973207,87.1633627894353,100.0
13,Penelope,66.52847838680381,73.01679372379336,100.0
324,Buttercup Belle,60.62243457530158,27.319886408719185,49.300251287929015
226,Gypsy,61.416691569823726,84.75590736677012,86.24318177382722
300,Daisy Belle,60.87668350619981,67.45332874127277,100.0
230,Kismet,61.51029175372375,71.65271306871676,99.06315715984539
291,Twinkle,71.86117729234036,86.0262303408345,100.0
88,Tabitha,63.79244131271793,60.32438711154169,100.0
360,Lavender Belle,79.67368390943514,69.18441425669252,100.0
383,Ivy May,61.35413502520995,85.94599079343699,74.00557285283818
44,Georgia,63.75481325826596,61.28736454077084,100.0
132,Quinn,66.2912314352475,99.12758696037858,84.23940177250341
308,Lily May,62.13438781411951,80.16206759052764,100.0
110,Una,60.60096621513067,66.25758401444656,91.95578198280276
105,Patsy,56.75575713297731,91.92239977089015,62.523800388958875
286,Oreo,61.36254139083478,66.57938880454435,87.19711100544703
404,Daisy Mae,63.587358715650744,100,80.82726400095856
331,Ivy Belle,60.762375057775806,65.33743870838403,87.07919241392312
239,Tulip Mae,64.20623382862982,94.74128925421523,88.50945447616668
351,Candy,65.943365076068,68.07824008915652,74.42555645829133
96,Harper,60.663187525843725,84.51414823956725,59.00737407126234
326,Daisy Belle,60.21437677727099,76.67425987349024,71.16582932709801
378,Daisy Belle,61.572078808356984,82.76345638607027,80.42382997193312
160,Serena,51.08430803547507,57.60146637827873,93.73423125138618
106,Queenie,61.170221702504335,89.61186839082553,85.81188736729314
249,Daisy Belle,59.17910046804846,85.82204160563822,51.477786259373474
229,Jasmine Mae,59.77771146383403,69.21818167415377,68.15093426404738
250,Ember,54.72268928271765,66.22128191084674,73.96190964377153
353,Ember Mae,60.95317050962542,63.04461033129985,100.0
23,Poppy,66.72209948356145,87.49242540891775,100.0
185,Rhiannon,56.041161215382964,64.9820297448051,67.23599450376925
55,Opal,58.28109623583006,68.20968071906482,68.90968519657295
101,Lacey,60.32874966067666,45.57403836801516,85.37359925655221
141,Zelda Mae,73.82452537421558,65.88252484524827,87.25394864866774
272,Amber,59.30810105525041,74.01152263350501,61.25863738923675
39,Phoebe,66.78043140894233,68.240184692095,93.48674699317641
121,Frances,57.734083902472214,80.95393526369558,44.3811902292643
270,Yara Belle,60.53270271388246,83.1088876330954,46.96844052241869
372,Xena May,50.17442519713001,52.80034085846047,73.37820915990186
284,Maple,67.45855606527235,97.84722806065267,93.49596965419619
20,Ruby,59.933470686900556,59.30588469115626,69.68823671458182
320,Xena Belle,59.542598440650025,85.60202426802554,68.33565059190789
172,Elara,53.33436212900503,23.8964358350622,100.0
162,Uma,59.320210967767984,63.77356575222504,60.039566322031334
278,Ginger Belle,71.64448221027811,93.90685918005987,76.94190767875007
61,Zelda,46.48138591320099,85.54428301473524,47.11504523133881
58,Coco,63.0439433215059,100,61.67644245765291
156,Octavia,59.3920306480182,55.012132158291784,59.49820912662032
174,Guinevere,58.5989073421785,49.2411529261324,69.81785447053346
418,Rosalie Belle,59.55377297294947,100,59.39709289252882
14,Fiona,61.66618314778801,91.18766885239742,62.433280941281716
357,Isabelle,59.91028456922327,76.15367874733786,67.62296658551571
194,Amara,55.72691592271494,49.6906260808287,73.80678807548284
47,Marigold,61.3684363633068,44.179092767811106,67.40833981388917
416,Pansy,61.67555024773482,96.53801625342899,48.14920359261788
251,Fawn,59.11224082406198,82.89991022051086,58.58965464723371
350,Bella Belle,66.48437626197533,83.56779912702956,76.7772766172232
29,Stella,60.80431978174346,29.24167389475379,77.16827856008821
289,Rainbow,57.453038344451045,87.6193287103132,63.07053977352753
347,Yara May,62.25241622655089,96.47048543469519,32.07053580691137
224,Elara Mae,63.134355670977236,87.55001422608547,69.60176582284927
25,Lily,53.806060211944406,35.86363463729276,67.39631608750503
104,Ophelia,59.45396629377212,86.55957307924368,48.99375351443238
341,Sapphire,65.33483427943837,26.44197982773897,100.0
382,Heather,60.83233955653463,76.85690727318945,62.12512525672577
318,Violet Belle,60.326613644301126,78.9485400521323,17.390075351307573
392,Rosalie May,59.16112419196352,53.69839242343795,100.0
129,Natalie,60.565451275753816,75.57963595670518,86.25910683365714
298,Bubbles,56.98026530857459,27.23318348356232,65.14729604646709
17,Petal,69.5483339978367,72.73290050908795,100.0
100,Kitty,60.80916241754796,55.51718231722804,97.79374802628925
223,Dahlia Mae,72.66126492830476,73.6983147317681,11.52322953465346
348,Zara May,60.736226593379826,100,55.771206651915946
269,Xena Belle,60.81428291748534,57.04171407186776,100.0
252,Ginger Mae,61.1804094357988,58.02243030005491,20.00415306278976
305,Ivy Belle,59.230125619430666,50.152414025299784,84.29091128174394
124,Ingrid,61.13018422253939,43.015538000999136,100.0
26,Bella,59.852625141604875,43.029073160519694,31.330844031317223
51,Greta,58.00624523254493,37.8928213392389,100.0
212,Stella Mae,60.223228723494756,67.71860101744242,0.0
299,Coco Belle,66.92764167416182,61.091638609899086,0.0
393,Scarlett,73.45148637042212,49.718952186875576,8.844825410406465
63,Gertie,65.72945858899634,37.15061897053595,0.0
255,Juniper Mae,63.08603331382426,43.006947564550615,0.0
355,Giselle,64.53796399681829,41.06085153976095,0.0
80,Edith,59.31047003111574,32.73522656920766,27.950803222197695
245,Zara Mae,59.559292317979306,75.36730803001166,0.0
177,Jocelyn,59.69947521619965,42.255027748323826,23.408351652743086
266,Unity,61.31989268514114,36.7115755900922,0.0
396,Violet Belle,60.292209865659736,32.95187169497221,35.171432034743646
9,Luna,61.31374563581754,50.86779687393037,0.0
402,Bella Belle,74.88241750531428,37.623357679321714,19.48989101302382
169,Brielle,82.66361910196683,76.22874745977771,3.385035494074316
144,Calista,59.752087510217194,45.27065353138764,21.93261941696714
373,Yara Belle,65.51565413063707,61.49810030899176,0.0
292,Violet May,68.87384473813245,29.935143302333145,23.548194121686763
234,Olive Mae,59.19501360226872,67.55772871795335,17.05893551177852
343,Unity Belle,60.24307781702894,51.448961860129714,15.36187343500719
403,Cassie,60.60551235776975,31.389648745203825,48.735372461738535
356,Heidi,60.86777827205171,37.469263873327726,0.6766694672996536
65,Gemma,61.43971573288367,49.20090237108686,41.358168167645324
260,Olive Belle,61.551575742663985,51.70371245099445,15.485333211369912
417,Quinn Belle,59.21177125673622,46.754925940038675,40.83631528008176
338,Peaches Belle,59.679856397628015,38.71229092347592,45.95590135962522
171,Dahlia,70.18368859886257,64.11603016834815,17.153754461222654
227,Holly Mae,76.49607879722707,40.658611986555684,38.376739168508
165,Xena,59.13012902248377,44.78097568554413,7.41370768225957
358,Jasmine May,59.15798938269913,90.17196449009043,4.255439917767674
337,Ocean,60.06317122498892,51.46367697933484,32.075803377257884
11,Ginger,62.16518743750338,54.998926466515,10.766411349424544
405,Ember Mae,60.998633820514215,36.32540578475388,19.147446298770948
181,Nia,59.46101720077846,72.08857732983752,32.014312373863035
195,Bellatrix,55.683740034170235,76.0886870302326,27.086028146669253
189,Vera,62.07054556104049,46.82099122456685,51.05602499834644
37,Winnie,52.89179882107815,79.64847410305865,1.3813068620934246
167,Zinnia,60.36225276625165,23.04227882322585,81.32026840070057
190,Winter,60.81519796350214,50.93183291331278,14.924230035103953
332,Joy,58.108772856404556,39.51325301314093,11.614157629266245
384,Jasmine Belle,58.96320134600578,50.59586974401467,50.625622569234515
265,Twilight,60.41070194587504,40.75448198368936,44.50802778887333
233,Nova Mae,66.94802823618211,67.06371191855166,0.0
375,Acorn,59.66590987002772,51.20998983105836,36.53211232538775
389,Olive May,48.121179306514044,51.35071672775908,29.567240893017406
362,Nora Belle,59.411237715001086,72.94508183099106,40.498148130339096
123,Hannah,58.18579486827456,70.10835960854432,31.42036942324798
79,Bonnie,43.73322804001331,21.776757838198584,62.969411620993355
244,Yara Belle,61.14631578564616,52.54774959237481,21.309581602815385
30,Sadie,59.66307487643798,52.30930374592456,14.678608600970101
74,Willa,59.29395677413045,59.343341028405455,52.45731274570316
412,Lavender Belle,60.5267584248853,31.495797132584762,69.6838186607624
102,Magnolia,59.55147012271317,79.75978215279729,7.921143474914004
309,Misty,59.891592749541175,52.005655684043134,25.037989182272845
391,Quinn Belle,59.288317750088936,14.840557311740701,59.549453918712565
342,Tigerlily,60.68419772664093,49.69245232195035,18.878101698181
200,Galadriel,59.17109077587714,41.03624089064565,77.08276367147224
62,Rosie Mae,59.89086743804975,31.167903830443016,72.02024036451519
183,Persephone,59.48838140657305,68.65684677446015,22.215255503030715
201,Hera,50.5904514363873,37.0135669255494,50.31917041608622
283,Lily Belle,80.77906733524775,41.39182846392273,33.59568354204245
240,Una Mae,61.656272962824055,68.20281291971922,0.0
407,Gloria Belle,65.92060948505565,47.97940835056899,4.960921172618185
22,Clementine,65.24503774189621,64.47649518658218,54.39456457684616
304,Hope,59.01438625561628,71.59407352965417,38.6102430672202
246,Amelia,60.914435439241586,53.05896541568489,51.064332055366144
86,Sylvia,60.47604757965465,49.760287471996875,43.49961150814799
92,Prudence,58.959616883040276,75.32758942432727,16.964836003282628
217,Xena Mae,61.620534227361226,45.948509407804245,19.70146529511383
149,Helena,57.88342837326568,52.13581577468818,76.33973358237382
256,Kaleidoscope,45.06717339562175,54.12676925272712,59.20861935349502
420,Tulip May,56.0533356623293,65.16463389990002,43.43426081930175
115,Zara,60.284290938386306,67.71122914411316,34.535249441990814
192,Yara Mae,60.68147560521229,54.66055010639706,41.17768050664687
97,Harmony,60.61941992160379,64.79325991206748,25.832220196136294
413,Misty Belle,58.20452063117097,73.82174126797321,43.444412548880564
50,Martha,63.38197856869949,85.31856668645221,28.50151088703295
193,Zora,58.635446579766395,89.44035260064686,17.72984118298581
380,Fern May,59.62441584452865,38.75139531831836,59.45129867788923
71,Esther,59.73458827709918,75.07586982319243,9.616408691364825
408,Heaven Belle,59.72198222053727,45.17188778002641,27.277996043903663
119,Dinah,48.97984779866594,54.88487033561503,57.0831509441794
68,Mabel,39.863445956333614,77.67237640841715,28.639046178983996
401,Aria,60.56889769870208,62.84141622870708,29.97545317023558
85,Ruth,60.36570003521456,43.463344251930415,41.67141222258546
221,Belle,60.641382271781815,62.58958580576169,66.95338159083224
173,Felicity,59.36694806670458,71.66704908011319,40.98332148826616
381,Grace Belle,61.968349523429204,56.80345726801135,46.46916687817712
243,Xanthe Belle,60.21622822474437,47.95946880452824,40.75104133755657
220,Amethyst,64.97592261892571,54.94321536013937,73.02536624280881
32,Annie,58.31695577314778,84.50848719446036,22.738191203080763
153,Lillian,52.70474150247477,53.01992048251119,50.01521986989301
276,Echo,47.590191306185545,67.21944354807118,20.743299494994925
125,Josephina,52.92005463403372,70.39606637446994,54.031203654485644
178,Kaia,60.31672363401854,71.74035818401117,46.41912251740441
213,Tara,59.76199411535984,30.80019386760285,78.19061911754267
111,Veronica,59.78925679993509,58.21837981381634,49.66613801050426
113,Xanthe,62.321517512578204,50.47295140104306,31.53581355452371
34,Millie,55.83713745735863,70.95415504668458,46.2008766368871
94,Dolly,57.3118118263411,84.61631080943023,27.76148907866112
117,Brigitte,56.759928674196104,64.44170917454605,43.94085861133597
21,Willow,52.990732464913854,40.19013785948567,55.77480390178067
335,Meadow Belle,59.53871445274805,67.32686538372927,19.47523582724499
352,Daisy Mae,59.81330775846443,88.04207468813793,52.75976059746103
411,Kitty Belle,59.38591007600469,21.505574373574838,86.31479617908425
127,Loretta,58.554647130063714,81.49920547080059,19.880901206900113
336,Nala Belle,57.816216886531016,45.648195924018005,49.966403303121105
290,Sunflower,58.88547970202936,94.47148934054243,25.575503882813127
131,Penelope Mae,64.64216376536329,88.81414408486131,28.933718004613617
152,Kiera,59.6099905677849,75.68093277258575,35.937992469871375
73,Hattie,53.69540813037941,78.69342815457973,23.95723373524257
310,Nova Belle,60.641924952039815,72.45028241726985,73.69677834658361
264,Starlight,40.75136745712795,68.81291414143541,60.33637488396256
371,Willa Belle,59.36170517184689,74.30798526855683,41.55773205838507
45,Delilah,56.729500364738506,42.96759881972306,59.887233108014826
390,Peaches May,60.152395096022275,66.11331469694011,29.520965294895742
409,Isabella,57.91961464900017,80.11430732059245,61.68529227270035
315,Sky,70.55168769512329,90.42627815421804,26.390064946713814
98,Iris,47.40660011864511,83.67762543980076,18.20419794023262
175,Hermione,68.21434564371027,81.81942888589869,78.76899887271583
386,Lavender May,60.95090152948939,49.23868682449633,100.0
155,Nova,59.26066968362521,51.539789713561746,74.75974166519512
364,Paisley,59.96665530405055,67.87013053460959,33.806393195396375
199,Fiona Mae,49.01978664256452,74.85918764042844,55.02620663829805
406,Fiona Belle,63.84072143706169,73.66743050523097,43.529214416016046
400,Zara Belle,56.142174255276316,45.93578887142229,53.10304243145749
138,Waverly,59.94731324153592,95.2445322068246,34.56253840356732
135,Theodora,50.43338301768579,45.55700820668511,76.45981606398061
133,Ramona Mae,59.46864612517664,64.1604196477911,47.22545831209767
187,Thalia,58.5441832761662,58.96483637204647,46.209972283928956
197,Daphne Mae,60.90436487914528,61.49521227670788,94.54234477676545
208,Ondine,74.45211786288617,47.74776011383432,100.0
222,Celestia,37.53784125482599,74.44074014166823,67.47862863190866
15,Hazel,59.33416412327322,51.62835568594247,83.0274258777744
6,Clover,46.24101225581466,76.02023774233243,51.86477637845585
228,Iris Mae,59.55087472428534,52.66988541211112,64.18035659020902
91,Maeve,45.16633965416125,82.19950961570905,31.03826692613989
49,Juniper,46.408959828146436,69.07356177544094,39.341617018442115
328,Faith,60.33553440877166,35.807782832116104,66.22478681736968
346,Xena Belle,60.35030535924927,65.82743031982149,91.85173592469657
339,Quinn Belle,60.37770150574247,80.46305635045461,58.3443966010704
139,Xiomara,58.78960645988562,35.08815834845072,100.0
142,Aurora,59.43261638389524,45.14320621162556,67.13559405579488
374,Zara Belle,61.00197832137224,66.84976124784399,78.53555805338056
253,Harmony Mae,60.69468653443826,86.00813226411184,48.715729223308855
210,Quintessa,58.77529346254731,57.58957378916072,70.05771480782352
1,Mooey,58.37170449507285,59.1691662870747,62.90021199141762
3,Buttercup,60.38117268272044,33.954857510959265,84.99274923222447
2,Daisy,59.65072392131292,98.86315968017395,13.52894977654524
311,Orchid,60.04426911059286,83.33815811133546,24.16235889112957
103,Nancy,58.54282345631423,72.74697447776329,65.84583171002089
33,Elsie,61.53197838656758,75.69302001135003,88.36175572652343
179,Lavender Mae,68.26958784285372,72.28806515285169,88.81613331216437
241,Violet Mae,60.249465460998685,75.24652910786905,83.19078492969925
254,Ivy Mae,62.118171196033884,65.81479615364015,64.35836122310374
76,Winifred,60.22531755310263,68.21364234635772,80.93631667739581
387,Mila,58.362023145855815,90.95438105163002,25.74279224472561
109,Thea,56.74504782375275,56.862939909146974,86.53163508648117
157,Primrose,60.11016799344316,66.98017041818804,45.059270258595305
319,Winnie May,61.04476493985938,81.99384999220356,56.841696987854235
325,Cinnamon Belle,59.203393866788666,87.61062597920913,42.662839940714186
38,Beatrice,58.86868964934943,60.45685765106361,65.50010887472308
293,Whisper,59.2760856264168,40.86886784704365,80.85638045574863
151,Juliana,58.88298465625921,69.5937021699302,45.21506791974581
112,Wendy,59.670873674754716,35.825959166475656,73.77893511511023
150,Isadora,60.37851087384358,37.07873847336311,66.69281074927311
388,Nutmeg Belle,59.24490566063656,73.43979868144729,22.95690277417993
282,Karma,60.97201037705355,57.78261876331483,32.60952815841711
368,Tilly Belle,56.019331034496126,49.65216901483316,40.158636494605034
108,Sable,60.439622850363456,60.44461390413624,24.028749779808063
188,Ursula Mae,60.69480951187944,74.74858043304206,1.4169724317606054
60,Nellie,60.32185167488682,47.304727650867875,24.917832326585515
334,Lily Belle,58.81231744819961,39.315636677054,22.843629417852917
36,Rosabelle,59.54316715036577,50.447219078129784,4.744572594701708
216,Willow Mae,58.434333936694536,45.54185524803187,0.0
130,Odette,74.6129472442744,54.150999205260106,0.0
10,Molly,63.56805877401354,27.000918292443764,8.581105505706333
168,Athena,62.74604824893148,37.93463590711351,16.48477173283078
419,Sienna,60.22338223107442,36.327075793504314,0.0
397,Willow Belle,60.498403287982356,52.72594536370191,11.607689919523786
211,Raven,60.237339864888405,55.260370813971036,0.0
365,Quinn Belle,60.390854212514945,60.624297234191665,3.791541369162779
145,Diana,65.20063300043907,22.282613331502134,33.34190354647399
180,Margo,60.80041699715883,11.42723231779024,24.31661590355249
77,Louise,60.1511195098845,48.0249884047885,17.305774433071598
287,Pepper,60.48287698190725,47.65416817671793,28.306458343693116
237,Raina,60.90188875175868,57.40859814798383,31.03886781510989
154,Miranda,51.42344332966266,13.562715019588104,68.74326646130689
340,Ruby Belle,60.606522315394436,23.84203638296107,54.72755380525175
81,Imogene,60.833246701658744,45.71141743297776,16.87390728369757
126,Katherine,64.77253200191544,35.17033217132328,21.868079816249026
262,Quinn Mae,75.3725264923839,63.42623605946175,19.78591231230141
322,Zara Belle,60.99650280463353,58.89570456722372,6.598876689954899
231,Luna Belle,65.39780509582563,83.70762148492142,3.8812457744695905
27,Lucy,55.49300562074529,40.74352183331804,22.37862459932193
297,Angel,65.13388399666037,22.655648439318583,7.771587973016459
301,Ember Belle,61.21681096725005,50.737189833662796,25.147697336230507
24,Jasmine,60.97122952680175,16.93441019124629,29.691852285351487
225,Fern Mae,59.76933657905203,47.73994931203699,41.09097666912308
164,Winona,51.61644197303088,42.32025075251989,39.50909855234608
215,Vesper,60.405225590352714,34.89517661423883,0.0
90,Lorraine,59.35866286880548,41.67420761503423,33.94115951652263
261,Peaches,59.118131781065536,56.067663861078955,6.556204035016549
302,Flower,59.90030116159095,65.88261892686168,38.10144918003114
78,Agnes,57.9995049112877,38.8513788088771,55.47399935075492
273,Bluebell,60.45253901111424,46.60533182054719,42.899831224959705
66,Ada,61.050394411409556,57.5235933122268,26.47595633654711
46,Honey,59.54744868298417,70.89235433771455,5.477288364812608
42,Minnie,61.731612919374754,62.97331911904958,0.0
67,Harriet,60.86207495005156,33.48973554443922,23.86478980938031
344,Violet Belle,60.85319915253063,21.254887034115942,24.486632464815237
361,Mia,57.61472714155363,67.281802956685,36.48849661155864
176,Isolde,58.78807027302103,62.94191086600865,14.754022763006404
415,Olive Belle,60.59078123609667,62.60825670044346,0.0
288,Quinn Belle,60.399666443272494,43.791521435952724,3.147774877120497
377,Caramel,85.36330799015114,82.95021378985008,25.05239339858086
143,Bianca,50.91036402574513,65.54200966141056,35.8259926911321
8,Rosie,60.09107902700316,32.246643523485766,60.83725175609225
349,April,59.82286547814367,56.803626523265294,32.71759918431782
163,Valentina,74.26238795567214,52.96281295100276,29.40240527106997
219,Zephyr,72.03415944297912,42.88519811473731,33.41197235602148
206,Maeve Mae,60.23514790571869,31.629737294712296,34.61049046781984
214,Ursa,61.365048060675775,46.248694609725874,9.93529163521034
87,Tilly,59.459996699084684,44.063688246992356,64.75540038248161
207,Nyx,66.91042635930037,86.98628413342206,19.03778479137982
271,Zara Belle,56.53269462800473,47.88396290600656,52.48133991718692
379,Ember Belle,49.79577635808099,69.59180427375236,24.639262701125016
7,Holly,59.216810879116146,58.07811085505542,25.805711651208018
285,Nutmeg,59.50849379040585,39.191359451987175,38.82989067697795
296,Zara May,60.501402669979534,48.66384094656274,14.432529818277473
307,Kalea,78.9862540938318,34.02897102088322,21.822855938501707
330,Heaven,59.91900917866346,49.68261696851386,65.36485530721502
28,Charlotte,61.23240549777356,66.93936917266271,38.726241568837295
394,Tulip Belle,60.53068141004043,18.038187474317752,46.99644908153687
147,Faye,68.26284331507522,44.88978991653328,0.0
248,Cinnamon,64.36691461544343,35.574059916825476,0.0
354,Felicity Belle,45.897676118679364,53.400014284854876,55.41818738776739
5,Clarabelle,46.441694480931424,45.23211252077018,55.48211686657087
198,Eowyn,61.3676259549693,60.437383333830866,33.753344564485104
258,Meadow Mae,60.41036864443425,41.808756171963594,46.29540999299665
370,Violet Belle,59.7021144898431,50.647876043444484,25.342202352669247
166,Yara,67.94658880349951,40.161290790042436,81.61806503634088
235,Petal Mae,57.650223570092436,63.775269203523116,50.59313505325972
303,Grace,59.30554554193033,49.23477511095334,56.20330623245677
257,Lavender Belle,60.077322995388634,79.37456806052916,15.618533889861986
134,Seraphina,59.82098543892329,51.44660323029127,37.460697623584096
263,Raindrop,60.45080905887622,47.263547081027156,52.83656055695951
43,Olive,58.47322800691541,59.46586637133677,34.546375336127326
69,Cora,62.94529280879925,64.83416641943685,5.721675567880197
170,Calliope,59.1736280051219,43.080583000002854,78.24874768844333
191,Xanthe Mae,59.62360871027828,94.10818292873772,18.430176481509886
40,Violet,60.71800054859879,67.26778959857963,43.20772383101649
367,Samantha,60.94219060133052,68.75726966664736,25.95943300139085
82,Josephine,59.37101597141172,46.91236569818607,42.954418352005376
35,Pearl,59.80347189307537,50.19316391597052,34.254133574949975
280,Iris Belle,60.20429841277417,35.53703199604602,42.32588377270336
414,Nala Belle,60.59694028139528,14.655365699766387,56.127973476320406
279,Hazel Mae,59.12100014679195,46.50176083680293,69.46244013225625
314,Rose,60.81886258511747,66.05471877914155,40.47138124964739
122,Genevieve,44.65231195885308,52.078629220091386,54.014256856812516
184,Quenby,59.483368735962145,53.89747412643078,46.82625898569183
323,Apple,60.98000214489956,69.68395478648569,18.92668971664962
120,Eloise,45.29242739693385,69.62341879939743,57.777984981208206
159,Rosalie,58.635607330556994,88.9738970548413,20.898935320976243
238,Star,45.91856789183402,61.56380075668943,43.74397359810099
53,Daphne,59.64203853501529,35.896843382625455,58.52341324317557
31,Lola,61.00882751642776,36.91271220123085,33.427134761395976
56,Betty,65.36305058401716,69.35457026632909,18.78572691868777
48,Delia,64.88116978949778,63.45214363071446,13.824862151210986
277,Fern Belle,59.826245157289264,97.96274785178731,21.493692509974903
140,Yolanda,59.478336090790904,70.5920097258238,44.09717925472032
52,Tulip,60.87116272794922,80.0767724921089,2.009997239864056
247,Blossom,60.21583589219756,57.453894048701514,81.38329008170857
329,Gloria,60.53937433284556,46.848607423994885,80.04798167201045
93,Sally Mae,59.44241757382481,58.80043135909322,59.02006784161211
317,Utopia,59.96400776419924,42.91619032847293,62.73102323906643
158,Quincy,59.778976824603596,52.04630274412715,46.49556087716784
345,Willow May,52.098818820853786,59.52285339581859,34.83927764157668
399,Yara May,61.19917606922039,71.8905059019416,13.82461071959603
75,Adelaide,74.40901419632539,48.685908155762206,34.52114947546283
70,Ida,59.131813043133555,64.87767929862906,66.91992448956634
116,Abigail,46.32489508599493,34.99953186895542,75.59046550149935
18,Dottie,57.977472817733904,41.81226196984839,62.74886744314247
72,Nora,59.2554642897355,45.90498045395161,42.14626063965063
118,Camilla,58.67397107515129,48.67286550175418,71.23725420933042
275,Daisy May,59.299168329782596,58.023184444015854,36.64221923821166
182,Olympia,59.369814312545564,97.75508627652921,45.04129195627968
281,Jasmine Belle,59.39918744952615,32.763091466375386,99.43826208035486
4,Bessie,55.701550659783045,43.68755321068086,65.83556781226909
16,Freckles,68.87411656801905,70.33021539024024,35.369430223693115
236,Quartz,60.31579759637476,94.23656909824871,0.0
89,Henrietta,60.57967585798942,77.64321081058839,5.369201067481448
359,Kara,59.79823543921192,43.925801164037736,100.0
366,Rosalie Belle,66.94289887139301,26.04637576084378,93.41409512175214
294,Xena May,59.15423870660133,95.72547711629569,19.302116184787142
385,Katie,59.27000627565711,55.631268466895015,44.741786867929505
274,Cocoa,60.1162991942901,60.533424254611376,84.72801685475343
83,Lavender,60.746111271999226,55.8715667598201,70.3181508235252
99,Juno,59.5614500984503,58.520358899292745,61.29993186726804
395,Ursula Belle,56.97650638518522,43.42053464502704,71.41447896866025
333,Karma Belle,55.56793031986027,54.78238573908128,54.434099157928024
137,Vivienne,59.02960917569345,60.109602681452905,40.71937867572966
376,Bella May,44.958829724170386,47.24012177505233,47.799958689618705
313,Queen,51.40862318192898,94.342687017529,50.20795771193847
232,Meadow,60.65910578217175,55.9958848380156,80.33564097704574
259,Nala,42.30307349852529,80.5455858174473,46.34167829929327
19,Pumpkin,58.98572665489897,86.47576018799222,71.28135316156802
363,Olivia,59.273621322125884,61.83359093422541,87.82839956076917
196,Cassiopeia,60.20529759958084,62.448994278171,75.49006273806116
268,Winnie Belle,56.85686882750265,81.25874915932836,33.88653112230915
186,Sabrina,59.37982588197672,54.66934324661744,56.16262735447586
84,Martha May,59.4057202012132,37.13561927943224,62.1395140440342
12,Matilda,62.11369110506962,82.53407187093717,82.42398093268879
114,Yvette,64.92547767911526,59.33599676539842,100.0
306,Juno Belle,60.52266470890931,51.82697694788337,100.0
203,Jade,65.0331908986858,52.42725861624043,51.06688287935686
59,Eleanor,59.73644378267553,67.09436364668628,83.88839997417709
107,Ramona,58.633918830417365,61.33168676468399,82.56157666971049
146,Evangeline,58.01217963747295,54.07570277464227,71.0477725744291
295,Yara May,58.32117141953619,33.65342486358756,82.50003901686537
54,Fern,59.62825305200677,80.25095397596168,24.9690887382335
327,Ember Belle,58.03304531765257,65.58885028487515,71.9302137439784
218,Yvaine,60.13522157613282,37.954859041768536,84.31000082936953
202,Ivy,58.42812845644183,44.18930266993015,72.30880662309471
242,Willow Belle,58.20995116934453,90.16648673429935,18.83247961057288
410,Jasmine May,58.97285352921884,59.665873752524945,77.78206115219615
161,Tallulah,60.25781039854659,31.419664217198815,94.24673690282782
136,Ursula,58.166394695280935,47.12235902854984,62.54099039497112
128,Miriam,60.39087393952238,64.28144110493335,39.740317769883426
204,Kira,59.46642898045852,77.76924925130552,47.03755901577599
267,Violet Belle,60.884032247977174,84.21871882548515,83.52461069033635
205,Luna Mae,68.83393913726013,61.903349071502014,78.40569668770323
41,Maisie,65.68468514761288,83.14243342248302,74.70516656324033
321,Yara Belle,45.87168515496032,69.78658839131683,59.61092524687037
369,Uma Belle,61.33646294898152,78.45383624226046,72.5910935693526
316,Trixie,58.04326574546722,62.303283923217634,61.59851206549226
312,Pebbles,60.754774860694084,71.04044256394862,66.4355955105053
398,Xena Belle,60.149668746493106,69.49908250251772,51.80758664108431
57,Daisy Mae,60.098363001720166,86.04088544617701,58.528285781907265
209,Pandora,60.89810489328474,79.29485978318719,59.45635231930545
148,Gwendolyn,56.64326753604276,62.256689075612954,62.763865043904985
95,Gladys,58.69155178253948,70.4891124646478,51.15944957964427
