284,Maple,69.09225044344817,91.55386086848097,93.49596965419619
362,Nora Belle,58.67786110285872,75.17061977336144,40.498148130339096
291,Twinkle,70.9381053232593,76.24711746889514,100.0
64,Flora,63.233659356343786,70.94490873885053,100.0
360,Lavender Belle,79.58362731557293,68.36385625079998,100.0
239,Tulip Mae,63.16660462161883,86.61400178792539,88.50945447616668
175,Hermione,67.50265949788886,87.2023178870452,78.76899887271583
12,Matilda,61.692260006245846,77.25024057267616,82.42398093268879
160,Serena,44.916716825163654,70.69513750521791,93.73423125138618
267,Violet Belle,60.63674993233741,75.19792118122001,83.52461069033635
350,Bella Belle,68.03031128895307,88.90380429683321,76.7772766172232
197,Daphne Mae,60.644566007689086,56.21015917111734,94.54234477676545
33,Elsie,60.61028580131417,79.25734917166861,88.36175572652343
331,Ivy Belle,61.66473558132665,69.47696432001442,87.07919241392312
310,Nova Belle,59.27244510613514,73.79561536303832,73.69677834658361
106,Queenie,60.155522742266946,79.21771209009115,85.81188736729314
308,Lily May,59.96442451000869,62.72578537686167,100.0
386,Lavender May,57.78865025928627,41.04443108717396,100.0
250,Ember,52.18064605853114,67.22202106998725,73.96190964377153
224,Elara Mae,59.2984720686835,92.57394568446989,69.60176582284927
286,Oreo,61.46773004220121,75.34208542804686,87.19711100544703
99,Juno,59.67907262178826,74.13344698973404,61.29993186726804
20,Ruby,56.41603731800757,66.02110449776482,69.68823671458182
132,Quinn,64.92793352916733,93.99045078028036,84.23940177250341
23,Poppy,63.91650203143913,82.40428097685478,100.0
279,Hazel Mae,59.113480724175076,59.51563432539626,69.46244013225625
222,Celestia,34.02751436723603,63.37141649703628,67.47862863190866
278,Ginger Belle,70.36407003692908,84.59224375628713,76.94190767875007
306,Juno Belle,59.61436849379099,54.92694981205598,100.0
290,Sunflower,59.54157918176138,98.11505811585153,25.575503882813127
41,Maisie,64.52899968842343,81.95014803475819,74.70516656324033
161,Tallulah,59.52530816381343,27.809212478910382,94.24673690282782
100,Kitty,60.398649518785966,57.51292219789478,97.79374802628925
398,Xena Belle,60.09850350753838,65.42301020874503,51.80758664108431
129,Natalie,60.93924160617273,74.41353423446566,86.25910683365714
95,Gladys,59.48258953588732,68.67189813120815,51.15944957964427
17,Petal,70.51296301140859,63.299859480034044,100.0
187,Thalia,54.09984272196485,66.4476322825965,46.209972283928956
300,Daisy Belle,60.903937236121735,56.49817643617433,100.0
418,Rosalie Belle,61.704503163439256,95.874517041947,59.39709289252882
380,Fern May,60.980306413094425,44.33152627776022,59.45129867788923
58,Coco,60.98456070960372,90.56504286488538,61.67644245765291
416,Pansy,60.13904303329045,100,48.14920359261788
87,Tilly,59.41133688335346,36.820452872099644,64.75540038248161
88,Tabitha,61.726606192042134,59.62747063481616,100.0
105,Patsy,54.386211457492706,100,62.523800388958875
40,Violet,60.27841742653764,54.38310024261029,43.20772383101649
326,Daisy Belle,60.08515321737937,65.61002234399375,71.16582932709801
289,Rainbow,61.09973084657566,77.39291312923862,63.07053977352753
388,Nutmeg Belle,60.46999131579353,72.91588149247106,22.95690277417993
59,Eleanor,61.350562404821375,57.75733181614469,83.88839997417709
269,Xena Belle,61.548319480529905,61.78149563504692,100.0
219,Zephyr,75.08289085090273,53.90900978800883,33.41197235602148
101,Lacey,61.01825556974536,51.09413742286609,85.37359925655221
323,Apple,58.7866824702613,68.30124666140324,18.92668971664962
351,Candy,67.98494907778655,58.48707585897944,74.42555645829133
188,Ursula Mae,59.929544223734624,73.44575937356866,1.4169724317606054
39,Phoebe,66.13756487831971,66.76448079648019,93.48674699317641
60,Nellie,60.039728456929495,41.39896728476509,24.917832326585515
120,Eloise,43.3744805157973,76.68322587920584,57.777984981208206
81,Imogene,58.65895377269548,43.33218759042222,16.87390728369757
383,Ivy May,61.91047630308282,75.2059047611053,74.00557285283818
36,Rosabelle,60.707401590766544,48.48837501602364,4.744572594701708
274,Cocoa,59.117815413221265,59.416368938342075,84.72801685475343
147,Faye,69.44011592672268,38.18699749900983,0.0
155,Nova,58.35619127182526,59.71563885120579,74.75974166519512
10,Molly,60.79371692790741,31.73225701603463,8.581105505706333
67,Harriet,59.72505830106533,34.336444840948246,23.86478980938031
405,Ember Mae,59.69003911533289,25.113454118348514,19.147446298770948
307,Kalea,80.5330359039685,36.8155792720564,21.822855938501707
277,Fern Belle,61.09874777274048,88.81489707595122,21.493692509974903
190,Winter,62.253642414726784,58.79412737917661,14.924230035103953
402,Bella Belle,75.7295546396339,46.95496140499322,19.48989101302382
324,Buttercup Belle,60.633759104246046,34.6383468233091,49.300251287929015
126,Katherine,63.94204993784506,44.19067650652791,21.868079816249026
144,Calista,59.62265374707912,46.355875761253124,21.93261941696714
171,Dahlia,72.4211523274572,63.58360740111902,17.153754461222654
283,Lily Belle,81.70262884437408,36.60793629428331,33.59568354204245
216,Willow Mae,56.39374695619353,38.760332236340865,0.0
262,Quinn Mae,75.7465373450141,63.87199808020584,19.78591231230141
89,Henrietta,60.62701771860557,70.1773321171581,5.369201067481448
168,Athena,64.29737978878786,37.446180801752405,16.48477173283078
255,Juniper Mae,64.7896249809902,49.51721690714039,0.0
370,Violet Belle,60.590361822535264,54.109584321057994,25.342202352669247
273,Bluebell,59.45317962691151,43.04187925322729,42.899831224959705
102,Magnolia,61.39537957295726,63.322863423099605,7.921143474914004
309,Misty,59.155737527504954,59.13601414565093,25.037989182272845
177,Jocelyn,60.881035382243994,36.45513020221416,23.408351652743086
419,Sienna,60.29321619931073,50.02080412046891,0.0
97,Harmony,59.86588041184938,59.077899536262926,25.832220196136294
169,Brielle,83.45488200035867,70.21577772426215,3.385035494074316
337,Ocean,59.3911134301393,57.73773217728933,32.075803377257884
56,Betty,68.08244769610378,67.20617457294794,18.78572691868777
217,Xena Mae,63.11264435766115,54.93055218206868,19.70146529511383
180,Margo,54.44920127112779,29.13547806024627,24.31661590355249
248,Cinnamon,65.28516803185508,31.392806491369196,0.0
376,Bella May,42.025978323511374,48.75509212855247,47.799958689618705
66,Ada,59.73380156411846,64.73501692130678,26.47595633654711
134,Seraphina,58.92785315208845,47.30436029274253,37.460697623584096
115,Zara,59.49195924940131,46.581326435135054,34.535249441990814
342,Tigerlily,60.57513381538973,48.84240726658798,18.878101698181
203,Jade,68.67925767131915,56.212291847868954,51.06688287935686
364,Paisley,58.80062628644023,61.33370402667274,33.806393195396375
86,Sylvia,58.71319756147858,45.5288297131015,43.49961150814799
170,Calliope,58.734578551541084,25.67264271749803,78.24874768844333
371,Willa Belle,64.07927971363952,53.5065817024292,41.55773205838507
164,Winona,47.405820252039646,46.40251236306412,39.50909855234608
211,Raven,60.56725661883782,51.68693257118579,0.0
116,Abigail,45.019343004123606,31.07112779998129,75.59046550149935
333,Karma Belle,54.461995065699014,49.00581634305948,54.434099157928024
303,Grace,60.12539065296063,41.35095968270805,56.20330623245677
396,Violet Belle,60.919771124783395,39.853058969188616,35.171432034743646
145,Diana,64.93330100273285,33.211569261083824,33.34190354647399
420,Tulip May,56.1005976475755,68.89762653489043,43.43426081930175
158,Quincy,59.76347336027725,54.98502914371729,46.49556087716784
243,Xanthe Belle,58.89313724940385,50.22652550576543,40.75104133755657
408,Heaven Belle,60.808259669234175,50.260923124062494,27.277996043903663
318,Violet Belle,60.61830190779288,55.155787410761995,17.390075351307573
296,Zara May,59.932458390627566,51.31684053649702,14.432529818277473
189,Vera,64.92219090142473,55.37196682003283,51.05602499834644
228,Iris Mae,59.780214976781224,33.84317505749955,64.18035659020902
227,Holly Mae,78.79566501635775,42.186291152207595,38.376739168508
361,Mia,57.51114007533067,58.53816819194062,36.48849661155864
377,Caramel,87.69415459425466,67.41571046539305,25.05239339858086
65,Gemma,63.475611292213806,46.002605668940056,41.358168167645324
234,Olive Mae,61.03613636400038,63.697962876561775,17.05893551177852
123,Hannah,58.09898846708041,81.41117232661642,31.42036942324798
298,Bubbles,55.31018552090523,40.08088250170522,65.14729604646709
53,Daphne,60.175609904420135,43.50198897735011,58.52341324317557
349,April,59.17969161568587,62.472992106982346,32.71759918431782
183,Persephone,59.976634046493736,70.04222203518738,22.215255503030715
385,Katie,56.76590414425578,65.12157795479044,44.741786867929505
240,Una Mae,62.71015688967384,60.24407684729259,0.0
411,Kitty Belle,60.39442602285048,36.4091977310753,86.31479617908425
138,Waverly,59.195275787618044,76.96214561688956,34.56253840356732
54,Fern,59.59214776373034,60.37604710000468,24.9690887382335
80,Edith,54.40619975886496,51.2977892337866,27.950803222197695
69,Cora,63.80417918891778,69.72836554107181,5.721675567880197
295,Yara May,55.27422447246752,42.90863867728006,82.50003901686537
182,Olympia,56.20967262756503,79.3120966855096,45.04129195627968
159,Rosalie,59.347169848442746,68.09572447714616,20.898935320976243
206,Maeve Mae,60.86297606113286,50.28726217936692,34.61049046781984
265,Twilight,58.767559485646544,36.63556008867816,44.50802778887333
220,Amethyst,66.43665654698506,53.04664439715655,73.02536624280881
263,Raindrop,60.55890921571843,57.491035388188834,52.83656055695951
246,Amelia,60.18784333900215,45.2771687506899,51.064332055366144
85,Ruth,58.98625837593202,45.879834328193745,41.67141222258546
280,Iris Belle,59.54345166520412,43.992743927924366,42.32588377270336
176,Isolde,60.53092588437192,61.68108217247817,14.754022763006404
305,Ivy Belle,58.83558332066522,37.9303460526164,84.29091128174394
270,Yara Belle,62.5077338782764,64.83623089356797,46.96844052241869
127,Loretta,58.24706933340202,87.33539877843167,19.880901206900113
157,Primrose,60.18577589074444,52.97409819565821,45.059270258595305
27,Lucy,52.20224868768933,50.13270068188153,22.37862459932193
235,Petal Mae,55.08629915011977,70.00514137576246,50.59313505325972
38,Beatrice,59.37608843696064,58.80902575833771,65.50010887472308
166,Yara,70.35040829196011,37.05766875567647,81.61806503634088
119,Dinah,48.07147339213082,54.336519405204065,57.0831509441794
21,Willow,50.546829328924844,50.89552735069439,55.77480390178067
2,Daisy,59.62466835678567,89.67725404650506,13.52894977654524
391,Quinn Belle,59.41221359887343,28.60591987743929,59.549453918712565
372,Xena May,47.83605807707472,56.48567136432608,73.37820915990186
22,Clementine,68.46700192905736,68.92440018832046,54.39456457684616
413,Misty Belle,58.53943813433294,74.24949734706627,43.444412548880564
354,Felicity Belle,43.61331655366918,54.89813110678997,55.41818738776739
8,Rosie,61.394735893647045,47.57936016044176,60.83725175609225
276,Echo,47.596077918302946,81.6263418633055,20.743299494994925
414,Nala Belle,59.45021065933927,29.151108733363078,56.127973476320406
109,Thea,53.951034498434986,47.81440430162303,86.53163508648117
406,Fiona Belle,67.54551115621362,73.39966997052439,43.529214416016046
293,Whisper,58.75406407415402,32.36424207397571,80.85638045574863
153,Lillian,51.50265878373234,53.69964787710197,50.01521986989301
209,Pandora,60.78713556358101,82.03854677223899,59.45635231930545
83,Lavender,60.41029866861031,63.97235650564275,70.3181508235252
409,Isabella,57.93704940392586,66.57266182483798,61.68529227270035
172,Elara,54.27803796828203,23.70925721189689,100.0
133,Ramona Mae,62.5424038513734,69.67748152103891,47.22545831209767
137,Vivienne,58.91840142027403,63.4397507126667,40.71937867572966
62,Rosie Mae,57.951813096854856,28.972762051093635,72.02024036451519
348,Zara May,62.13402118501691,86.21319419621442,55.771206651915946
410,Jasmine May,60.91306832832448,52.239215530217336,77.78206115219615
256,Kaleidoscope,43.14127989598342,51.21266642517711,59.20861935349502
73,Hattie,49.93860974957599,77.81953748542864,23.95723373524257
5,Clarabelle,44.82328960958278,42.18461934271512,55.48211686657087
124,Ingrid,61.354156840731704,47.53405501771733,100.0
61,Zelda,46.54528138964037,82.51113395759737,47.11504523133881
249,Daisy Belle,58.32985398268928,68.61343184718291,51.477786259373474
6,Clover,45.55591841544283,65.30347571746549,51.86477637845585
253,Harmony Mae,58.38754314187857,64.11933309796926,48.715729223308855
117,Brigitte,54.46181360789103,63.584129534415226,43.94085861133597
384,Jasmine Belle,57.85449498969086,49.873218426969736,50.625622569234515
367,Samantha,59.340717361865025,71.6227143645769,25.95943300139085
232,Meadow,61.262501197955274,65.22988805044837,80.33564097704574
202,Ivy,57.46085935391145,49.917987310500244,72.30880662309471
140,Yolanda,58.30015731515291,68.2803684414406,44.09717925472032
226,Gypsy,61.74750367575628,76.9001233655941,86.24318177382722
241,Violet Mae,62.82152750625994,70.27265534462464,83.19078492969925
139,Xiomara,58.94711788922914,37.13067070523548,100.0
259,Nala,40.65195931828028,76.27590169142383,46.34167829929327
314,Rose,60.93316949389138,69.09521465753306,40.47138124964739
111,Veronica,59.51121824024856,59.02999797057386,49.66613801050426
281,Jasmine Belle,59.51584920156805,33.91859774523615,99.43826208035486
29,Stella,60.576209525353654,51.39481269710883,77.16827856008821
104,Ophelia,58.361749325252184,80.05925021076187,48.99375351443238
325,Cinnamon Belle,61.06692700137716,80.31949074102403,42.662839940714186
148,Gwendolyn,51.133068492106155,55.52062315360405,62.763865043904985
294,Xena May,59.44716965675915,90.13109342914336,19.302116184787142
230,Kismet,59.97348294188378,56.25004053967582,99.06315715984539
395,Ursula Belle,58.28332823451318,56.27361669551027,71.41447896866025
319,Winnie May,59.05646217520169,66.25787113828441,56.841696987854235
195,Bellatrix,53.97107420680835,84.96182034984623,27.086028146669253
357,Isabelle,60.931008348150606,71.572872353086,67.62296658551571
194,Amara,52.6076724557896,53.71485905880613,73.80678807548284
3,Buttercup,63.59720700847499,38.43843147851324,84.99274923222447
32,Annie,59.52788515750679,94.97954921408595,22.738191203080763
4,Bessie,54.18051086754646,47.955196906011885,65.83556781226909
304,Hope,61.0015800652674,67.86471765842161,38.6102430672202
13,Penelope,65.3415376249893,71.93365277125588,100.0
15,Hazel,59.89478926402095,57.06088334135804,83.0274258777744
191,Xanthe Mae,59.37001173658155,100,18.430176481509886
107,Ramona,60.95969068452124,71.01579642167192,82.56157666971049
341,Sapphire,66.35891960458098,45.994149082552724,100.0
229,Jasmine Mae,61.029100505112964,70.02978140576457,68.15093426404738
135,Theodora,51.91910221384659,38.52381957170111,76.45981606398061
149,Helena,54.712611904589835,44.74801154652254,76.33973358237382
208,Ondine,75.61842013009596,65.43062032804626,100.0
44,Georgia,62.549519914382415,65.20118987913106,100.0
353,Ember Mae,59.790263673472175,61.69803023302158,100.0
359,Kara,60.82437489671071,57.29269726127288,100.0
374,Zara Belle,59.20153346715722,68.93629362790861,78.53555805338056
14,Fiona,60.542065043038825,87.75211249304716,62.433280941281716
363,Olivia,59.26637246285676,51.43955433917698,87.82839956076917
141,Zelda Mae,74.53615944443393,56.34922024862031,87.25394864866774
210,Quintessa,60.28170314472936,51.019894740604016,70.05771480782352
330,Heaven,60.882819578214985,68.14637140182104,65.36485530721502
51,Greta,59.20889621376687,30.99297549303051,100.0
200,Galadriel,60.249026634836525,46.73524537019781,77.08276367147224
174,Guinevere,59.5694656872574,50.57151521610202,69.81785447053346
146,Evangeline,58.37117270232627,42.93375719555525,71.0477725744291
121,Frances,55.98171850254847,64.36761189486319,44.3811902292643
302,Flower,59.79860232836258,65.7923534425286,38.10144918003114
154,Miranda,47.616891548382,31.910356359854088,68.74326646130689
358,Jasmine May,61.32561927338894,89.88794919198666,4.255439917767674
113,Xanthe,64.84621641634527,58.08651953731419,31.53581355452371
7,Holly,57.9781765699498,56.09572613846419,25.805711651208018
252,Ginger Mae,64.9077474886479,56.407991274595524,20.00415306278976
261,Peaches,60.4570333056641,64.64864366720138,6.556204035016549
165,Xena,53.821865764238524,51.45018208226041,7.41370768225957
373,Yara Belle,66.7499126259091,53.98913724302861,0.0
260,Olive Belle,60.62928516864562,41.666127982260335,15.485333211369912
332,Joy,59.4317570260525,32.0416734428657,11.614157629266245
344,Violet Belle,59.893380619797036,21.808975110842855,24.486632464815237
292,Violet May,68.63763676395664,32.51493176705356,23.548194121686763
24,Jasmine,60.395349046103355,9.635279423562423,29.691852285351487
356,Heidi,61.04603750771594,44.20548516378893,0.6766694672996536
407,Gloria Belle,66.98136909799997,44.85450026170023,4.960921172618185
393,Scarlett,74.7019256852648,38.30996685461447,8.844825410406465
35,Pearl,60.44074140734999,38.1617347307383,34.254133574949975
266,Unity,61.54175712153341,55.00881447892603,0.0
245,Zara Mae,60.52392231395736,75.83914244926956,0.0
212,Stella Mae,59.4142514953089,71.9429330864852,0.0
9,Luna,60.54798329785823,62.735276344680784,0.0
297,Angel,69.12044763673661,22.753596634790938,7.771587973016459
201,Hera,48.91675229065374,32.20055899001653,50.31917041608622
75,Adelaide,74.94022259514585,43.07527950695134,34.52114947546283
288,Quinn Belle,60.407246579607786,41.22976844589158,3.147774877120497
389,Olive May,47.8570628555595,52.962890981222586,29.567240893017406
301,Ember Belle,60.86040798875123,51.27472910015713,25.147697336230507
42,Minnie,64.03551250689964,54.96648735135211,0.0
399,Yara May,62.65325884129532,72.66909693907907,13.82461071959603
365,Quinn Belle,60.619187419170785,67.23236059847876,3.791541369162779
63,Gertie,67.76837512104478,43.45240438783321,0.0
30,Sadie,60.360381914461804,62.373197497083076,14.678608600970101
343,Unity Belle,60.24885995979577,55.27516763342362,15.36187343500719
192,Yara Mae,58.66817093761055,40.67847020429281,41.17768050664687
31,Lola,58.46848474802042,38.85102893364016,33.427134761395976
130,Odette,75.32810700796192,44.60137847260596,0.0
215,Vesper,63.620594462227714,34.669845150867204,0.0
258,Meadow Mae,60.60903564999223,41.124415871381096,46.29540999299665
77,Louise,60.46646132393805,64.72724363984693,17.305774433071598
37,Winnie,49.48474535596728,70.13679994196617,1.3813068620934246
397,Willow Belle,53.579556959043416,45.775551497247555,11.607689919523786
225,Fern Mae,58.93082455424929,49.804472535548996,41.09097666912308
43,Olive,57.8112519097117,53.16383842499615,34.546375336127326
340,Ruby Belle,59.34618804112069,23.030871317267156,54.72755380525175
198,Eowyn,62.93706333798574,60.840399554552576,33.753344564485104
79,Bonnie,43.28514833455648,35.42634621190153,62.969411620993355
282,Karma,65.40313390391977,57.491516687438605,32.60952815841711
48,Delia,67.89966188782942,61.879413145169686,13.824862151210986
233,Nova Mae,67.99751030319419,70.08815711448472,0.0
275,Daisy May,60.37828504356337,67.45653523393172,36.64221923821166
317,Utopia,58.97501843742194,37.923550408131945,62.73102323906643
335,Meadow Belle,60.693058904270906,57.87885031311745,19.47523582724499
214,Ursa,56.22203408615288,55.27262873054897,9.93529163521034
415,Olive Belle,64.41096882134146,56.570377122776875,0.0
336,Nala Belle,56.932255208145946,58.969672001194866,49.966403303121105
322,Zara Belle,60.2194251945368,57.28851241412301,6.598876689954899
311,Orchid,59.026937804941134,85.95984132306202,24.16235889112957
186,Sabrina,61.75534688978941,48.859375785528236,56.16262735447586
46,Honey,60.11308320070349,64.60021862153602,5.477288364812608
417,Quinn Belle,60.803003796681374,50.9521243190577,40.83631528008176
238,Star,46.68023147517992,66.73213745542107,43.74397359810099
131,Penelope Mae,70.44902364440358,75.94255606377715,28.933718004613617
207,Nyx,68.01215185808245,72.17445687081286,19.03778479137982
401,Aria,61.048549018585696,58.58309513154341,29.97545317023558
394,Tulip Belle,59.665837535288865,30.70692055933135,46.99644908153687
68,Mabel,38.41346703465083,81.35416794993313,28.639046178983996
338,Peaches Belle,59.69248932988256,45.74442556507344,45.95590135962522
334,Lily Belle,54.07468452941248,55.417446268253094,22.843629417852917
299,Coco Belle,67.71434446352121,64.92918869045428,0.0
355,Giselle,66.21803816875028,54.89092097686461,0.0
49,Juniper,46.518365837461914,71.32592031804664,39.341617018442115
74,Willa,58.2466480697109,67.25269704799388,52.45731274570316
18,Dottie,59.252770029556046,51.20860291500613,62.74886744314247
143,Bianca,49.81282717398625,63.1506537025985,35.8259926911321
285,Nutmeg,59.45566758180488,54.546373180026414,38.82989067697795
52,Tulip,61.28025585645064,86.74705978045202,2.009997239864056
108,Sable,60.6689571015054,59.213380557595144,24.028749779808063
390,Peaches May,60.293214365500134,48.31677918093875,29.520965294895742
199,Fiona Mae,51.26415850946787,66.24354056561104,55.02620663829805
328,Faith,60.24676643591769,39.62693190892323,66.22478681736968
28,Charlotte,63.126074427278176,61.634490026894454,38.726241568837295
257,Lavender Belle,60.551304488394194,77.0253565539958,15.618533889861986
71,Esther,59.689386696845645,72.48664509577586,9.616408691364825
244,Yara Belle,60.83835089242472,55.18404321816099,21.309581602815385
152,Kiera,58.74794305312463,78.07456340627294,35.937992469871375
251,Fawn,59.666366011338205,68.14399774307113,58.58965464723371
345,Willow May,49.76247228074186,61.489345861539576,34.83927764157668
375,Acorn,59.69824221384151,56.83063183985034,36.53211232538775
184,Quenby,59.16597921431532,43.303011809599894,46.82625898569183
403,Cassie,59.773285755038806,30.86799243383875,48.735372461738535
316,Trixie,56.4370456711201,62.97632774685365,61.59851206549226
11,Ginger,63.884408730395776,72.24434654110684,10.766411349424544
178,Kaia,59.72115347233041,68.56258373692381,46.41912251740441
118,Camilla,60.002679711071664,37.70146953236461,71.23725420933042
94,Dolly,58.04080003460302,76.32248918614285,27.76148907866112
366,Rosalie Belle,70.21980600863294,37.50089766450255,93.41409512175214
34,Millie,54.51640130840343,79.63263171307256,46.2008766368871
25,Lily,50.90192283457391,48.06571827455759,67.39631608750503
98,Iris,46.204666992186276,90.91364136643983,18.20419794023262
231,Luna Belle,67.56546769093406,86.871129082735,3.8812457744695905
82,Josephine,60.531453895222,45.476993217782116,42.954418352005376
236,Quartz,60.00602344360598,83.68698933700209,0.0
90,Lorraine,61.55814564151194,42.741894784110094,33.94115951652263
327,Ember Belle,57.09806628307051,60.17762576252382,71.9302137439784
150,Isadora,59.16720168612113,43.918257519258034,66.69281074927311
128,Miriam,59.83725240065888,64.96253210495564,39.740317769883426
84,Martha May,59.56943913942327,36.227673538854475,62.1395140440342
369,Uma Belle,61.99303439171144,63.49143375828883,72.5910935693526
136,Ursula,58.81330785055307,61.65855236826205,62.54099039497112
321,Yara Belle,44.2442599868493,60.47795258665741,59.61092524687037
167,Zinnia,57.68179733770506,33.767329976892604,81.32026840070057
16,Freckles,74.64538416224853,68.18544132268586,35.369430223693115
50,Martha,68.82154857097687,72.09614582124902,28.50151088703295
287,Pepper,61.54160433573605,66.00866574186718,28.306458343693116
26,Bella,61.6099180097003,58.270936006630905,31.330844031317223
223,Dahlia Mae,75.01052301978883,72.2970170056831,11.52322953465346
70,Ida,58.885213059477266,62.471874463997395,66.91992448956634
1,Mooey,58.767051549474964,57.969798048355045,62.90021199141762
368,Tilly Belle,55.32604311086674,58.19201535346191,40.158636494605034
346,Xena Belle,64.31292974262871,52.925228233601985,91.85173592469657
93,Sally Mae,59.799740930406855,61.03958617124556,59.02006784161211
181,Nia,58.59560303789468,77.71278392337074,32.014312373863035
72,Nora,60.22402882451729,61.59161322216722,42.14626063965063
92,Prudence,59.90676604956499,77.10691244141735,16.964836003282628
339,Quinn Belle,59.97476708517992,84.46356627009305,58.3443966010704
57,Daisy Mae,57.17215566156253,78.8907675066455,58.528285781907265
204,Kira,66.01278998668818,79.07520493223683,47.03755901577599
268,Winnie Belle,57.800736360952456,86.15470324099778,33.88653112230915
156,Octavia,59.65343626391734,55.56049390165412,59.49820912662032
193,Zora,60.06789218185107,90.04358757536608,17.72984118298581
315,Sky,75.71636582814831,77.59175900630142,26.390064946713814
151,Juliana,58.848119843261586,55.468161112932606,45.21506791974581
103,Nancy,60.934586898580974,70.97308226654913,65.84583171002089
162,Uma,60.5337906507699,48.81551771067989,60.039566322031334
242,Willow Belle,59.457504468291766,83.03768589363054,18.83247961057288
173,Felicity,60.48869886518895,55.55307704688582,40.98332148826616
237,Raina,60.97852331102069,62.001534605638966,31.03886781510989
264,Starlight,39.93559472311428,75.72996071847288,60.33637488396256
247,Blossom,58.84798872085368,43.37887260387349,81.38329008170857
271,Zara Belle,57.235360915595145,61.67307152905941,52.48133991718692
47,Marigold,64.82456189417046,42.91935134905058,67.40833981388917
114,Yvette,67.6788967959616,51.999297341942686,100.0
382,Heather,59.592256143872795,80.64524404839865,62.12512525672577
125,Josephina,53.323019480317164,78.2813273897031,54.031203654485644
352,Daisy Mae,58.24505888123236,70.43564358925957,52.75976059746103
412,Lavender Belle,59.8381285554084,39.479935211109975,69.6838186607624
163,Valentina,77.44240176070788,71.0240836909305,29.40240527106997
320,Xena Belle,54.02728098138664,80.82707307781904,68.33565059190789
110,Una,59.578551279791895,66.02488999393952,91.95578198280276
78,Agnes,58.63884928706254,66.52139553046129,55.47399935075492
347,Yara May,66.35049787236144,89.73432080411136,32.07053580691137
381,Grace Belle,64.43887443767443,61.204217779011316,46.46916687817712
76,Winifred,58.877872977173766,70.25645714921332,80.93631667739581
312,Pebbles,59.65865265543521,67.41839537239942,66.4355955105053
221,Belle,59.87951771859143,49.225170847265424,66.95338159083224
272,Amber,58.22269114212169,49.6327213254001,61.25863738923675
400,Zara Belle,53.68440666992609,52.01842790883981,53.10304243145749
379,Ember Belle,47.50536806729532,71.07046836437733,24.639262701125016
205,Luna Mae,72.30316515514447,66.45158674969937,78.40569668770323
96,Harper,60.23314671877179,77.04135545423543,59.00737407126234
122,Genevieve,44.62081823949104,70.68934447925781,54.014256856812516
91,Maeve,47.128072549359544,83.79553759832477,31.03826692613989
179,Lavender Mae,70.48096564329512,77.77602182478763,88.81613331216437
392,Rosalie May,63.463220596855216,59.34084255766536,100.0
19,Pumpkin,60.96201233894567,78.11913172446407,71.28135316156802
313,Queen,48.18536505267761,95.06158201264338,50.20795771193847
213,Tara,61.0098690683889,57.96034085229772,78.19061911754267
218,Yvaine,59.99536996277416,42.35308715299984,84.31000082936953
45,Delilah,56.39127374242499,60.36710062359897,59.887233108014826
404,Daisy Mae,61.675488248322374,88.81358686037777,80.82726400095856
254,Ivy Mae,65.91721258446577,75.89094568123926,64.35836122310374
55,Opal,59.2872454831231,65.88098341269466,68.90968519657295
185,Rhiannon,55.8660311603286,68.88954481487889,67.23599450376925
196,Cassiopeia,59.69365410494445,53.44376202252563,75.49006273806116
329,Gloria,61.240855289163534,46.57353706120858,80.04798167201045
387,Mila,59.16615362539182,95.68653461693549,25.74279224472561
378,Daisy Belle,63.649303143875855,84.59404559669176,80.42382997193312
112,Wendy,60.344968154716994,58.51948656411457,73.77893511511023
142,Aurora,59.48627723644397,59.0952233860491,67.13559405579488
