284,Maple,61.82114162067596,79.6502056722415,93.49596965419619
230,Kismet,58.846007280844546,66.9164898776028,99.06315715984539
291,Twinkle,73.92316566884611,70.56195898062462,100.0
13,Penelope,57.116815885079156,53.58339112324838,100.0
281,Jasmine Belle,59.11241510186871,51.65199061894735,99.43826208035486
139,Xiomara,67.15884343007907,47.17274249001431,100.0
390,Peaches May,58.865672892101216,59.27479962016582,29.520965294895742
247,Blossom,62.04461842761671,58.01620650205194,81.38329008170857
100,Kitty,62.90183112735509,60.36464640216558,97.79374802628925
363,Olivia,64.00619318266138,44.35838255958901,87.82839956076917
33,Elsie,58.25703762318429,76.87114701860314,88.36175572652343
250,Ember,46.35912952707771,55.27073573064469,73.96190964377153
76,Winifred,59.7889870703346,74.08529518668516,80.93631667739581
45,Delilah,55.82173112797303,62.156388805774185,59.887233108014826
44,Georgia,54.89128923611692,47.908075964632346,100.0
178,Kaia,62.68428258837502,71.42532322922712,46.41912251740441
341,Sapphire,65.34824099512849,49.6249401790191,100.0
125,Josephina,47.79714258548528,58.13540768349532,54.031203654485644
286,Oreo,62.33475228159597,59.77366877299511,87.19711100544703
187,Thalia,52.97143987273392,61.37528989482033,46.209972283928956
331,Ivy Belle,60.684237743862205,59.82550975222338,87.07919241392312
104,Ophelia,64.27711716203618,52.434283856134385,48.99375351443238
200,Galadriel,55.868687517384885,67.85939716774003,77.08276367147224
275,Daisy May,71.33786746689849,60.9228581996761,36.64221923821166
241,Violet Mae,47.87068746025502,70.74228810149606,83.19078492969925
334,Lily Belle,45.625835765300984,68.7875911396559,22.843629417852917
213,Tara,60.39002098113145,67.33392405893949,78.19061911754267
65,Gemma,67.39336351508656,43.21304603111501,41.358168167645324
350,Bella Belle,69.89259440711552,65.17685214429883,76.7772766172232
285,Nutmeg,64.46293975605931,47.629093203489674,38.82989067697795
118,Camilla,69.56645999296451,61.9905415016142,71.23725420933042
176,Isolde,63.7670340442109,59.34310069610336,14.754022763006404
146,Evangeline,55.935651126696285,58.4063348319815,71.0477725744291
236,Quartz,60.226620880364166,65.62271465258,0.0
105,Patsy,46.41653793163802,80.85134404542269,62.523800388958875
216,Willow Mae,48.27651123206402,58.353607863031975,0.0
326,Daisy Belle,54.195413129980054,67.33866039931952,71.16582932709801
364,Paisley,60.556469640653674,54.37349097582345,33.806393195396375
93,Sally Mae,55.041006367174326,67.34617979319964,59.02006784161211
383,Ivy May,64.54046793663045,48.819075065476255,74.00557285283818
344,Violet Belle,56.54920697499271,41.20856164892002,24.486632464815237
365,Quinn Belle,61.14513211691847,54.20799663180777,3.791541369162779
168,Athena,66.93846174026594,57.347890305209816,16.48477173283078
332,Joy,57.2298387609678,55.47533991146218,11.614157629266245
231,Luna Belle,72.07055829150121,70.97601943139566,3.8812457744695905
248,Cinnamon,65.46135878059579,43.50446450430663,0.0
52,Tulip,65.90655487457518,59.59455796496037,2.009997239864056
261,Peaches,56.73826342045856,47.821321217842176,6.556204035016549
50,Martha,68.94075360006097,58.08012011499735,28.50151088703295
27,Lucy,44.08632511174467,58.703497509877536,22.37862459932193
322,Zara Belle,64.04576023794294,62.082517575507254,6.598876689954899
379,Ember Belle,45.74674504641551,62.318704324793444,24.639262701125016
207,Nyx,71.04689566505412,62.268710019011884,19.03778479137982
24,Jasmine,56.47328388690257,38.77794411765692,29.691852285351487
91,Maeve,42.5969336880739,55.74081361590728,31.03826692613989
2,Daisy,57.14986464868698,65.80034298802646,13.52894977654524
9,Luna,60.02566749594923,73.57812696365514,0.0
240,Una Mae,64.45241697595056,58.503997288063005,0.0
408,Heaven Belle,62.12803513190279,53.2802014168973,27.277996043903663
309,Misty,57.774619152367706,71.86723863337494,25.037989182272845
280,Iris Belle,57.35228912948077,47.776117566187786,42.32588377270336
370,Violet Belle,63.02000470304128,55.7296570271416,25.342202352669247
299,Coco Belle,69.92053523166132,52.79737147493449,0.0
188,Ursula Mae,60.956549633834456,35.50434668962596,1.4169724317606054
126,Katherine,65.93873626544934,66.83311764926026,21.868079816249026
56,Betty,75.57758518825719,66.19219840038075,18.78572691868777
227,Holly Mae,81.63073847231578,53.87260450794489,38.376739168508
277,Fern Belle,56.57976303983025,60.31747636730658,21.493692509974903
381,Grace Belle,72.634296589519,52.807784250945545,46.46916687817712
143,Bianca,46.748217803862595,48.65609870734447,35.8259926911321
245,Zara Mae,59.03576124308107,60.78130968272283,0.0
356,Heidi,59.457161244780295,52.58975854685734,0.6766694672996536
375,Acorn,60.982647488681614,61.15374728642807,36.53211232538775
137,Vivienne,59.25917815820957,49.67140560930099,40.71937867572966
337,Ocean,59.39400848656433,52.74778677580046,32.075803377257884
282,Karma,66.22182841977703,46.28224448219403,32.60952815841711
31,Lola,52.66491976453963,58.613241865047094,33.427134761395976
214,Ursa,50.56795684945653,56.90765232756431,9.93529163521034
345,Willow May,45.98416770072446,60.743567116147474,34.83927764157668
287,Pepper,59.495474512010176,61.84937458241357,28.306458343693116
177,Jocelyn,59.634008617116095,56.52790925664398,23.408351652743086
260,Olive Belle,61.02064479239305,50.43463199632285,15.485333211369912
270,Yara Belle,65.32259876708257,50.82272452198954,46.96844052241869
246,Amelia,63.06692651668432,41.45917574508441,51.064332055366144
244,Yara Belle,62.52586099207942,61.91867373838766,21.309581602815385
28,Charlotte,70.02071276846357,64.5758287735646,38.726241568837295
32,Annie,57.270920454290525,74.97090125934065,22.738191203080763
134,Seraphina,50.640881219996444,53.405724845328756,37.460697623584096
212,Stella Mae,53.16934486068802,74.27813576098877,0.0
203,Jade,73.17103587536715,55.26578071998449,51.06688287935686
195,Bellatrix,53.909442623613245,69.72757984585715,27.086028146669253
181,Nia,63.72077602597307,76.08754780708713,32.014312373863035
152,Kiera,60.31737273095599,51.89296042894519,35.937992469871375
301,Ember Belle,63.16082291727729,58.46610290578137,25.147697336230507
304,Hope,66.09325295582329,70.22319439061356,38.6102430672202
325,Cinnamon Belle,65.51397271662168,64.11363660340375,42.662839940714186
302,Flower,56.00230168967424,63.33853728436788,38.10144918003114
283,Lily Belle,85.46442448767752,55.175841130328045,33.59568354204245
77,Louise,60.316113279787615,69.17271650470772,17.305774433071598
81,Imogene,48.93315779859949,51.47185829371007,16.87390728369757
11,Ginger,65.5074403727702,49.67320833225262,10.766411349424544
189,Vera,72.70973668080764,52.07645936248325,51.05602499834644
294,Xena May,63.68305360068978,73.50490653281845,19.302116184787142
361,Mia,55.42364994027347,44.49107578139372,36.48849661155864
398,Xena Belle,64.31408307342743,53.59756067553379,51.80758664108431
237,Raina,63.81985253801561,59.38888603968161,31.03886781510989
318,Violet Belle,57.551729942410184,55.97433647657,17.390075351307573
72,Nora,56.34873654377333,58.07371663586512,42.14626063965063
385,Katie,51.21618691147038,51.24231180211505,44.741786867929505
171,Dahlia,78.89409298481796,66.12926883184386,17.153754461222654
194,Amara,48.58993848661605,50.160593790057405,73.80678807548284
272,Amber,62.43263438707514,51.711523399361376,61.25863738923675
258,Meadow Mae,63.34931409804855,58.15827125512744,46.29540999299665
253,Harmony Mae,58.496536920527355,53.20688926719812,48.715729223308855
90,Lorraine,59.65567322842416,56.39615818045368,33.94115951652263
256,Kaleidoscope,45.91352236370721,56.922682190738186,59.20861935349502
303,Grace,60.125213201296035,52.516696128693795,56.20330623245677
228,Iris Mae,59.21800632918381,44.384491082252545,64.18035659020902
99,Juno,58.8522972311719,66.37461156069091,61.29993186726804
202,Ivy,56.53373538658538,52.03794302749246,72.30880662309471
119,Dinah,44.083432903628754,53.04279781374494,57.0831509441794
133,Ramona Mae,67.59521522088777,59.29152364061466,47.22545831209767
128,Miriam,60.79088710627007,55.93173187950633,39.740317769883426
219,Zephyr,80.90564696562794,57.41551217521399,33.41197235602148
155,Nova,56.05935468503403,53.20055472783998,74.75974166519512
314,Rose,68.45476068976666,59.02136836279477,40.47138124964739
138,Waverly,57.1449739299424,61.16430379045755,34.56253840356732
163,Valentina,82.0076693554334,63.35723114051193,29.40240527106997
54,Fern,55.82584761701453,54.33866686978249,24.9690887382335
391,Quinn Belle,64.92674106423026,54.92041166650486,59.549453918712565
403,Cassie,58.02844624391483,60.56783776721632,48.735372461738535
103,Nancy,57.21556256232552,63.57066781325466,65.84583171002089
204,Kira,74.62024533533422,73.67898876465672,47.03755901577599
263,Raindrop,69.01018573504152,60.741640135121486,52.83656055695951
368,Tilly Belle,50.94110970185133,67.75206100254057,40.158636494605034
343,Unity Belle,59.67618049633799,82.67584358579121,15.36187343500719
335,Meadow Belle,58.99985379047272,70.83620302610505,19.47523582724499
293,Whisper,59.227344452343864,57.47711879973568,80.85638045574863
156,Octavia,66.10895489092907,51.245573154912755,59.49820912662032
21,Willow,45.80094889209744,51.83618457600404,55.77480390178067
406,Fiona Belle,72.13117597338848,52.14337410301581,43.529214416016046
115,Zara,60.691011314691295,57.899464404840835,34.535249441990814
396,Violet Belle,59.70375050483162,51.477748931906454,35.171432034743646
120,Eloise,45.18316764332856,57.23717380955661,57.777984981208206
313,Queen,41.654648028306234,63.6365243066185,50.20795771193847
400,Zara Belle,41.63007589565901,54.74810723540674,53.10304243145749
238,Star,42.43592378635591,58.01509568986114,43.74397359810099
205,Luna Mae,76.70211041792898,62.84217471987854,78.40569668770323
305,Ivy Belle,62.31241188833883,44.63724145147738,84.29091128174394
251,Fawn,61.02394089720626,61.222604668709664,58.58965464723371
316,Trixie,53.02055822021101,55.64048860707724,61.59851206549226
268,Winnie Belle,57.364168228113286,79.48224042516446,33.88653112230915
158,Quincy,61.05928493836369,60.332729699186636,46.49556087716784
183,Persephone,64.00300231340813,74.25263490320106,22.215255503030715
170,Calliope,61.00950147589407,42.732052083724085,78.24874768844333
411,Kitty Belle,64.24907254211826,54.43547222383667,86.31479617908425
312,Pebbles,63.029424305649556,62.670133719603655,66.4355955105053
264,Starlight,39.64871778884456,60.235070710487584,60.33637488396256
157,Primrose,65.69404740039788,57.370805747955885,45.059270258595305
107,Ramona,53.67745572666366,59.18068623022512,82.56157666971049
166,Yara,77.1691810820518,54.18027481077304,81.61806503634088
149,Helena,57.56865055602852,51.15838376374146,76.33973358237382
179,Lavender Mae,72.63334695961952,65.9646606222629,88.81613331216437
409,Isabella,57.05223727654423,67.04561658348132,61.68529227270035
174,Guinevere,60.03407735222704,51.93641125336817,69.81785447053346
111,Veronica,63.52175582368974,63.13251191948472,49.66613801050426
40,Violet,59.61949923319178,65.18308369109197,43.20772383101649
12,Matilda,55.24347908560582,69.82491486065726,82.42398093268879
366,Rosalie Belle,75.4628255458774,46.11034940523269,93.41409512175214
382,Heather,49.62257960204493,70.80405137539982,62.12512525672577
317,Utopia,59.895374081647255,59.661583886026754,62.73102323906643
151,Juliana,63.224949554002585,69.89596207230979,45.21506791974581
271,Zara Belle,54.606321514928716,54.598921507265146,52.48133991718692
376,Bella May,41.81847267122472,53.60703539928812,47.799958689618705
88,Tabitha,63.32147303695594,47.184980259080945,100.0
306,Juno Belle,58.05989398443304,54.9569768546887,100.0
418,Rosalie Belle,59.911531400579854,79.0667447120158,59.39709289252882
55,Opal,59.68845821843039,64.68787326021001,68.90968519657295
401,Aria,59.995059718734126,55.54081373293073,29.97545317023558
351,Candy,75.20595839481997,49.4719917174324,74.42555645829133
70,Ida,62.57825407162801,51.388182555285134,66.91992448956634
269,Xena Belle,56.43393998777166,54.98237855105377,100.0
101,Lacey,54.48444705061317,61.60460678869489,85.37359925655221
196,Cassiopeia,60.18653502225103,57.817759645117,75.49006273806116
330,Heaven,61.72096786242602,58.79813232151081,65.36485530721502
110,Una,44.141732829147806,61.66317588539977,91.95578198280276
129,Natalie,63.040302597037424,66.8007064290034,86.25910683365714
327,Ember Belle,53.42446283435024,69.17939400869042,71.9302137439784
221,Belle,70.10039079981487,66.42204861513288,66.95338159083224
136,Ursula,68.03030697921065,63.0559463454034,62.54099039497112
58,Coco,65.99563450777264,60.79566753987724,61.67644245765291
199,Fiona Mae,47.482458403826,62.366912186603905,55.02620663829805
23,Poppy,63.7646575694193,54.28414216282304,100.0
112,Wendy,65.27223203794216,59.49131444127489,73.77893511511023
410,Jasmine May,61.362571455978504,51.169235050333256,77.78206115219615
348,Zara May,64.0290205078617,62.16720301488198,55.771206651915946
160,Serena,35.597979587674324,60.53169911898602,93.73423125138618
218,Yvaine,60.45436473756402,57.244836668279625,84.31000082936953
279,Hazel Mae,60.547562259968515,64.9426803077327,69.46244013225625
300,Daisy Belle,60.5133072718922,55.32440374847645,100.0
47,Marigold,76.50478315616726,50.52554096233788,67.40833981388917
274,Cocoa,62.88093790574754,61.82241273133807,84.72801685475343
329,Gloria,61.04171200564222,58.60993505357858,80.04798167201045
357,Isabelle,64.5859089020426,59.76727927494445,67.62296658551571
308,Lily May,60.06488122699283,57.10061618700146,100.0
132,Quinn,58.56701408885223,75.70581756768607,84.23940177250341
360,Lavender Belle,75.67678863300164,67.16318249505976,100.0
386,Lavender May,59.08339679645571,50.521750219949325,100.0
374,Zara Belle,58.20056208598224,67.16588524421316,78.53555805338056
17,Petal,71.98617646902456,56.399942542153156,100.0
197,Daphne Mae,65.31062463985792,49.47095205415819,94.54234477676545
109,Thea,54.291642371428544,47.85879614887536,86.53163508648117
39,Phoebe,66.67358906994126,57.952160184078934,93.48674699317641
229,Jasmine Mae,66.75482711052248,68.64086286500344,68.15093426404738
57,Daisy Mae,54.54875192965255,69.02021654098482,58.528285781907265
378,Daisy Belle,55.77387379614919,66.04615907358942,80.42382997193312
320,Xena Belle,45.687595297036445,62.15210342131099,68.33565059190789
289,Rainbow,60.92325129150004,61.54616079376481,63.07053977352753
295,Yara May,51.13193766724003,63.49135141953596,82.50003901686537
220,Amethyst,74.675614573793,53.538281174194935,73.02536624280881
114,Yvette,73.11292565998558,61.49674825254189,100.0
15,Hazel,61.6135014928695,59.504697492050255,83.0274258777744
354,Felicity Belle,42.4034259130456,65.60855810591232,55.41818738776739
106,Queenie,54.50129020862729,70.72293785232692,85.81188736729314
336,Nala Belle,54.726613378905554,65.29774941546037,49.966403303121105
346,Xena Belle,72.71287509215999,58.20968436578372,91.85173592469657
16,Freckles,80.2924817386482,75.4372891907192,35.369430223693115
267,Violet Belle,52.44528751674473,63.35267735051625,83.52461069033635
387,Mila,63.29015638129881,75.29229164941381,25.74279224472561
359,Kara,58.371360551783425,58.992028410894534,100.0
82,Josephine,57.85629290256875,55.716868330371064,42.954418352005376
242,Willow Belle,65.57245524048963,74.68010104769304,18.83247961057288
123,Hannah,59.802120592926876,58.07882456545975,31.42036942324798
98,Iris,43.175540423418525,64.49159161767878,18.20419794023262
292,Violet May,71.05256129637623,54.824410578144935,23.548194121686763
419,Sienna,60.26729776857167,70.76453842860514,0.0
393,Scarlett,73.14933064075197,51.72563900854909,8.844825410406465
358,Jasmine May,63.590430266326194,60.860611715037486,4.255439917767674
63,Gertie,70.30736214381842,44.07577411249813,0.0
42,Minnie,68.70127182112705,56.08193263078224,0.0
373,Yara Belle,65.56353117294748,53.341718340685844,0.0
215,Vesper,65.52801147344805,46.83490768465885,0.0
234,Olive Mae,58.840628808669805,55.22427211703875,17.05893551177852
355,Giselle,65.84648072923119,64.0056163785845,0.0
130,Odette,77.24816675185276,57.1198735563173,0.0
67,Harriet,53.870672181985505,53.68462816027613,23.86478980938031
223,Dahlia Mae,80.71187268964836,63.02101229526913,11.52322953465346
66,Ada,60.98401020118381,51.516012231643046,26.47595633654711
37,Winnie,39.7369189577312,54.04067816848262,1.3813068620934246
180,Margo,47.3768559166488,53.80548568759374,24.31661590355249
211,Raven,63.65609497196175,55.988772512078825,0.0
257,Lavender Belle,61.352187564640175,56.92186497387089,15.618533889861986
102,Magnolia,60.36782561770257,48.90789047005089,7.921143474914004
397,Willow Belle,48.24256444577413,48.47733938051082,11.607689919523786
80,Edith,46.68728675259456,60.829551775916244,27.950803222197695
35,Pearl,52.09446492615362,49.25554179808698,34.254133574949975
144,Calista,60.3571584232258,66.0318772560986,21.93261941696714
402,Bella Belle,80.37123174617815,59.62494277975656,19.48989101302382
30,Sadie,64.93180727520703,61.732472547713655,14.678608600970101
169,Brielle,87.1592930017408,66.49424323109737,3.385035494074316
10,Molly,54.70918946449036,54.63056346089711,8.581105505706333
145,Diana,69.15719957980147,54.546593696613726,33.34190354647399
165,Xena,46.50791922140632,74.69711912363223,7.41370768225957
255,Juniper Mae,67.43437979245815,57.074796347469196,0.0
414,Nala Belle,56.711231027690324,43.7585267196329,56.127973476320406
92,Prudence,58.796613398814436,67.27320224201455,16.964836003282628
233,Nova Mae,71.53467437996431,63.99012722677115,0.0
297,Angel,72.08833011279125,47.10373257171137,7.771587973016459
26,Bella,61.737535350474914,58.21433159602614,31.330844031317223
164,Winona,44.507674297212375,44.51500366636462,39.50909855234608
89,Henrietta,54.1737337756283,72.87303939100372,5.369201067481448
276,Echo,45.13571765539491,78.28287293732573,20.743299494994925
190,Winter,66.23953841747064,50.6337061907754,14.924230035103953
191,Xanthe Mae,62.84051455584639,84.11372975372436,18.430176481509886
192,Yara Mae,56.41261372140258,59.1475415152197,41.17768050664687
349,April,59.92575007861765,54.0955769176866,32.71759918431782
46,Honey,60.51423893902323,71.04582062991403,5.477288364812608
36,Rosabelle,62.003097556075474,49.7333270467443,4.744572594701708
367,Samantha,56.15927634433905,72.46710625569864,25.95943300139085
388,Nutmeg Belle,67.09678521117354,67.29716589110113,22.95690277417993
97,Harmony,56.062332506392956,64.11954271377269,25.832220196136294
43,Olive,55.1429445294025,49.81531630275211,34.546375336127326
273,Bluebell,60.35884868990557,44.480270220247085,42.899831224959705
71,Esther,63.501424501795874,72.7954833375961,9.616408691364825
48,Delia,71.4812928230944,62.5279287704588,13.824862151210986
147,Faye,71.2473079246449,62.21593786869039,0.0
420,Tulip May,53.586043204573464,62.44023982392926,43.43426081930175
371,Willa Belle,70.40505595628666,51.26873300757235,41.55773205838507
243,Xanthe Belle,47.964443581383286,43.64643373212636,40.75104133755657
69,Cora,66.62400219328728,72.26190850613227,5.721675567880197
415,Olive Belle,66.97107262004072,63.92213895199096,0.0
288,Quinn Belle,54.635697882315036,45.37814988285675,3.147774877120497
377,Caramel,93.41014725980423,70.2876110341503,25.05239339858086
186,Sabrina,66.97231600325506,52.98785773933473,56.16262735447586
262,Quinn Mae,79.24015968924748,65.05219958297762,19.78591231230141
266,Unity,63.68270596919573,65.51764692366434,0.0
394,Tulip Belle,60.18078866014964,54.5746448183508,46.99644908153687
413,Misty Belle,61.06527438418352,53.25477200283663,43.444412548880564
323,Apple,51.34586938689988,74.4543532871999,18.92668971664962
7,Holly,47.1045813577872,52.051725596390625,25.805711651208018
296,Zara May,60.08219749403638,57.616606670062794,14.432529818277473
405,Ember Mae,57.649772535396,45.87791645719062,19.147446298770948
407,Gloria Belle,69.45500725190219,48.97169461856959,4.960921172618185
60,Nellie,60.33014370864991,74.39152263900702,24.917832326585515
290,Sunflower,67.02457084229087,78.7267957246927,25.575503882813127
68,Mabel,38.42501426905822,65.98268984093508,28.639046178983996
399,Yara May,67.79200971017445,61.69906975798129,13.82461071959603
5,Clarabelle,42.50105691584263,58.836394199268604,55.48211686657087
53,Daphne,53.48031240449801,52.26310006560977,58.52341324317557
362,Nora Belle,57.135754141995996,59.51392010846632,40.498148130339096
73,Hattie,44.87772189439842,64.10594947021661,23.95723373524257
85,Ruth,62.750429854601244,41.07713752357934,41.67141222258546
108,Sable,54.87428100461773,53.89812448401162,24.028749779808063
252,Ginger Mae,68.1974441187565,52.36718540299539,20.00415306278976
86,Sylvia,61.73175619714696,66.07612162840091,43.49961150814799
347,Yara May,74.17379862997889,68.77001871410262,32.07053580691137
384,Jasmine Belle,51.840552059474255,61.97457922308787,50.625622569234515
153,Lillian,49.275788237062336,53.725835907673336,50.01521986989301
340,Ruby Belle,56.015679777385586,44.50686336592587,54.72755380525175
121,Frances,56.05692955700822,48.85230097315228,44.3811902292643
217,Xena Mae,66.71575386175246,64.12676777656593,19.70146529511383
342,Tigerlily,52.93106197080649,57.16805137724933,18.878101698181
6,Clover,46.597001709543136,69.90924364268483,51.86477637845585
87,Tilly,59.55401612600869,50.247189832582535,64.75540038248161
324,Buttercup Belle,59.369811189840185,61.930262507499236,49.300251287929015
417,Quinn Belle,62.37291976661108,63.31211769474485,40.83631528008176
193,Zora,66.21243807457168,81.97113663133366,17.72984118298581
315,Sky,81.77365964893349,61.775652525328354,26.390064946713814
8,Rosie,70.72226977560713,53.96148791427309,60.83725175609225
173,Felicity,58.38034340313537,69.99567233184695,40.98332148826616
338,Peaches Belle,60.76014175130332,57.083649416102745,45.95590135962522
140,Yolanda,65.5869527320035,67.08003053117251,44.09717925472032
159,Rosalie,54.18939080991386,74.66288374567071,20.898935320976243
307,Kalea,84.54362771427029,59.77938823500712,21.822855938501707
162,Uma,59.11897112032433,65.05885356690212,60.039566322031334
209,Pandora,59.715396069385854,60.89947029617757,59.45635231930545
61,Zelda,48.631233496122704,62.16195116263998,47.11504523133881
311,Orchid,57.03246518276966,79.9014922690607,24.16235889112957
75,Adelaide,78.53190273654936,53.54228962147138,34.52114947546283
131,Penelope Mae,74.52244705682708,54.86279257100167,28.933718004613617
416,Pansy,56.51554487339529,69.79166866774905,48.14920359261788
22,Clementine,75.76868655639906,60.61874040567656,54.39456457684616
225,Fern Mae,63.33345024614487,67.66140696900513,41.09097666912308
78,Agnes,60.824319672013345,54.502629723068935,55.47399935075492
182,Olympia,51.73111271850375,53.80633968151842,45.04129195627968
94,Dolly,55.290148258552776,65.24947647687762,27.76148907866112
127,Loretta,56.650208226155584,69.3298942541479,19.880901206900113
319,Winnie May,55.24661717313206,80.57048095024658,56.841696987854235
142,Aurora,65.34757522463251,64.59612495962045,67.13559405579488
150,Isadora,69.09937016750398,45.98099227301125,66.69281074927311
18,Dottie,58.59988195456862,48.498669125625,62.74886744314247
328,Faith,64.76192420141427,39.004122591923306,66.22478681736968
206,Maeve Mae,61.061033138458924,59.34594539319205,34.61049046781984
184,Quenby,57.54110826072222,42.19366870395129,46.82625898569183
34,Millie,48.70959493254168,74.07205613886774,46.2008766368871
95,Gladys,57.358251072803675,63.131666195833134,51.15944957964427
298,Bubbles,52.97190276770898,59.18399803034325,65.14729604646709
122,Genevieve,44.20596280759777,65.69918104209884,54.014256856812516
49,Juniper,45.80920389555692,59.40051232716459,39.341617018442115
265,Twilight,52.13668967990168,49.212325374986435,44.50802778887333
167,Zinnia,59.374936422678154,56.726647192610955,81.32026840070057
19,Pumpkin,64.36169543877712,55.67496878482142,71.28135316156802
25,Lily,51.442822569985374,53.51517832961422,67.39631608750503
96,Harper,61.028469044218326,56.103180991116375,59.00737407126234
389,Olive May,45.109759585313675,60.664415440876496,29.567240893017406
249,Daisy Belle,64.13327913694197,68.9783201399453,51.477786259373474
62,Rosie Mae,59.57657248358063,64.51540403113401,72.02024036451519
372,Xena May,45.378956220770505,42.0963657728553,73.37820915990186
38,Beatrice,67.84624355652065,71.47185651418371,65.50010887472308
321,Yara Belle,46.662361895829086,67.14131317874278,59.61092524687037
117,Brigitte,51.89097665120933,49.78581672688327,43.94085861133597
3,Buttercup,70.79458696172654,58.3820841190271,84.99274923222447
83,Lavender,64.89698953892056,62.140571795692566,70.3181508235252
59,Eleanor,64.07119756015749,52.16876595362375,83.88839997417709
254,Ivy Mae,76.00386259799993,68.30269926123131,64.35836122310374
74,Willa,58.92937246174285,62.02089669968407,52.45731274570316
113,Xanthe,70.778017886349,72.8827214052644,31.53581355452371
175,Hermione,72.6165382097876,72.96274975661015,78.76899887271583
135,Theodora,52.834783926618115,44.459176214886206,76.45981606398061
380,Fern May,73.14387226091586,56.06543992531504,59.45129867788923
198,Eowyn,68.29344404933323,72.07516274297976,33.753344564485104
141,Zelda Mae,81.32619018757416,56.13471774283272,87.25394864866774
310,Nova Belle,64.16460143146361,61.49457344186814,73.69677834658361
148,Gwendolyn,50.95156332022426,62.842671225685294,62.763865043904985
1,Mooey,60.16036503292352,57.06260738366761,62.90021199141762
222,Celestia,31.565366178714328,46.91837369721877,67.47862863190866
353,Ember Mae,55.72778232990911,65.21966501734305,100.0
278,Ginger Belle,73.16927721373774,73.555894335958,76.94190767875007
369,Uma Belle,66.30843130495074,52.32003279632722,72.5910935693526
4,Bessie,53.32583165703869,55.814366602079865,65.83556781226909
259,Nala,40.17021302254247,62.58529814681923,46.34167829929327
79,Bonnie,41.98881712814153,42.57181720604185,62.969411620993355
161,Tallulah,64.08936559535474,49.744235006369294,94.24673690282782
20,Ruby,50.746211043437825,68.00657862544513,69.68823671458182
224,Elara Mae,56.57337111793204,67.57267292309206,69.60176582284927
210,Quintessa,59.90066432454845,56.29707546016451,70.05771480782352
201,Hera,47.7350194599791,64.86041438624325,50.31917041608622
226,Gypsy,63.58634478492263,71.75977696178629,86.24318177382722
29,Stella,63.45286448560852,59.071732563799245,77.16827856008821
185,Rhiannon,55.3679375606408,59.16621099463456,67.23599450376925
116,Abigail,47.212343456952865,44.63268839836842,75.59046550149935
235,Petal Mae,48.75058879056699,63.9010770900857,50.59313505325972
404,Daisy Mae,64.77918970141552,71.29152109777935,80.82726400095856
51,Greta,58.74241891885538,58.746658213931525,100.0
352,Daisy Mae,59.971636222021075,65.72470369136722,52.75976059746103
232,Meadow,64.47032699550405,75.54271988582848,80.33564097704574
154,Miranda,42.6168030786176,68.90537208706861,68.74326646130689
395,Ursula Belle,54.66914441452948,59.87943823654766,71.41447896866025
14,Fiona,54.880157190082755,64.73293387785931,62.433280941281716
339,Quinn Belle,55.08083151178104,62.103918563250744,58.3443966010704
333,Karma Belle,51.325145513615205,59.61734745131152,54.434099157928024
124,Ingrid,57.230118103614785,58.87409786200986,100.0
84,Martha May,59.38037938040154,66.79080664180034,62.1395140440342
208,Ondine,75.86081035107038,64.48087473726312,100.0
64,Flora,57.0665219604618,53.94736576731868,100.0
392,Rosalie May,69.15061043452165,65.29391816047922,100.0
172,Elara,54.498514957675425,47.04442564439983,100.0
239,Tulip Mae,54.28801579653319,68.54888323460126,88.50945447616668
41,Maisie,67.19405343831534,74.32894686521897,74.70516656324033
412,Lavender Belle,56.033682047674596,60.6051438811111,69.6838186607624
