64,Flora,73.41137850679355,90.64257008298694,100.0
306,Juno Belle,66.40788207712438,74.70473098093102,100.0
226,Gypsy,67.32184103782069,88.42424792906604,86.24318177382722
208,Ondine,72.98789928984743,87.79499281686734,100.0
179,Lavender Mae,61.18686923067409,80.44627385569143,88.81613331216437
308,Lily May,70.77555388028163,83.01047553184682,100.0
241,Violet Mae,61.232369669526015,89.55956410124433,83.19078492969925
267,Violet Belle,64.91216082469587,95.45105417039653,83.52461069033635
17,Petal,64.64397404441098,62.5861353181363,100.0
357,Isabelle,61.73461792286626,96.02072801605118,67.62296658551571
106,Queenie,63.70500223761491,100,85.81188736729314
55,Opal,61.090437084061435,91.78573967361505,68.90968519657295
12,Matilda,61.96471578396611,90.88912039135454,82.42398093268879
348,Zara May,62.458876796291925,92.97824567572631,55.771206651915946
284,Maple,74.7570647775362,100,93.49596965419619
360,Lavender Belle,83.10108057610198,98.45946368049897,100.0
6,Clover,55.69015459298624,98.7433144404812,51.86477637845585
316,Trixie,58.98967498880813,88.90726670866812,61.59851206549226
250,Ember,61.71145169589934,72.06491986911116,73.96190964377153
230,Kismet,66.50953384584085,89.55837160786437,99.06315715984539
247,Blossom,62.03621822668571,93.48058154117648,81.38329008170857
182,Olympia,60.12257586990148,91.72848369524277,45.04129195627968
224,Elara Mae,68.49133791588163,100,69.60176582284927
313,Queen,55.616060255377306,87.86243487405328,50.20795771193847
404,Daisy Mae,66.87887226468035,95.07877647442083,80.82726400095856
351,Candy,59.89719636959664,58.09432219386915,74.42555645829133
395,Ursula Belle,60.03121669523205,63.93436428909478,71.41447896866025
289,Rainbow,60.17745226807863,88.13276511021293,63.07053977352753
87,Tilly,60.38338547353171,72.76448513809274,64.75540038248161
222,Celestia,54.62621576327183,97.22658184361251,67.47862863190866
151,Juliana,57.128262449107005,83.21431251788907,45.21506791974581
19,Pumpkin,60.311673130453315,53.44566767903511,71.28135316156802
310,Nova Belle,63.89342413975729,100,73.69677834658361
152,Kiera,60.89115729352153,91.7148760449632,35.937992469871375
274,Cocoa,60.51716937351646,67.31019462152577,84.72801685475343
157,Primrose,59.09122036054121,78.33534168310211,45.059270258595305
83,Lavender,60.923299541488,68.91612827959499,70.3181508235252
136,Ursula,58.543420512547925,68.36286859489229,62.54099039497112
167,Zinnia,56.572404668480736,58.54210660002461,81.32026840070057
277,Fern Belle,58.49955423900585,97.03621125110233,21.493692509974903
23,Poppy,71.12761896352104,77.91246896964212,100.0
14,Fiona,62.33205168415521,97.24413106279303,62.433280941281716
204,Kira,58.02342993545921,66.22409449504904,47.03755901577599
132,Quinn,66.53808764333267,94.76348936014638,84.23940177250341
155,Nova,61.35710189990185,79.26212526834261,74.75974166519512
54,Fern,58.56237627791579,82.95763793216689,24.9690887382335
13,Penelope,63.94946689337096,60.25333369211116,100.0
104,Ophelia,61.13997618958927,90.71215288842797,48.99375351443238
156,Octavia,57.1909025247881,49.19824447481274,59.49820912662032
88,Tabitha,58.93374388861303,45.92925712295093,100.0
197,Daphne Mae,61.424235343489585,55.40496759903109,94.54234477676545
225,Fern Mae,58.87651337864696,56.17709532402226,41.09097666912308
105,Patsy,61.64552335771889,87.51951100975803,62.523800388958875
15,Hazel,60.76502590643574,88.07863415894278,83.0274258777744
53,Daphne,59.9042102226783,33.43359865305059,58.52341324317557
111,Veronica,60.03223524942794,95.43419014832396,49.66613801050426
409,Isabella,61.527370209811956,88.54000989527253,61.68529227270035
5,Clarabelle,55.090740408984104,29.252943043291513,55.48211686657087
418,Rosalie Belle,59.125273170081314,75.04986908240383,59.39709289252882
352,Daisy Mae,59.313843776605765,82.70112565530907,52.75976059746103
71,Esther,59.845895906642944,76.93020924020493,9.616408691364825
312,Pebbles,60.17859957623847,66.52872857724887,66.4355955105053
141,Zelda Mae,68.46732463745514,73.71684353867195,87.25394864866774
115,Zara,59.76823228245279,39.696976602312354,34.535249441990814
129,Natalie,59.997565693504995,73.44370490511298,86.25910683365714
116,Abigail,50.031883764059415,61.19667613413893,75.59046550149935
283,Lily Belle,74.99280379201325,34.099116241286715,33.59568354204245
39,Phoebe,68.45032691579009,60.892759469246975,93.48674699317641
75,Adelaide,67.33625296782711,26.843370972049016,34.52114947546283
327,Ember Belle,59.21131934867227,68.67403414225174,71.9302137439784
307,Kalea,75.85676926459676,31.059418259236118,21.822855938501707
269,Xena Belle,59.255403403301656,37.694293899528446,100.0
147,Faye,68.05614477630155,40.10342632789434,0.0
196,Cassiopeia,59.72978732514856,52.87846385074958,75.49006273806116
180,Margo,63.40495928755541,1.3483422042562543,24.31661590355249
266,Unity,62.325896651646964,17.16624040928093,0.0
419,Sienna,62.93971606771581,22.1943107940611,0.0
165,Xena,63.663147679134234,10.549894937186917,7.41370768225957
299,Coco Belle,60.99869387005828,22.406697547894513,0.0
344,Violet Belle,61.20773914028886,2.9054095082999396,24.486632464815237
130,Odette,70.08361918575842,49.15346231477508,0.0
188,Ursula Mae,60.1911192303625,66.13075890577747,1.4169724317606054
393,Scarlett,66.06357049103248,59.54320542073696,8.844825410406465
285,Nutmeg,60.83357381163789,22.031901765188742,38.82989067697795
288,Quinn Belle,60.96957051004139,48.43855652266379,3.147774877120497
184,Quenby,60.30069591423511,27.269791821401967,46.82625898569183
242,Willow Belle,59.865825511955215,65.80621178902632,18.83247961057288
77,Louise,59.82769181936093,31.977768992938493,17.305774433071598
216,Willow Mae,61.559800023639916,41.697196395598276,0.0
49,Juniper,56.13581780119115,40.858643047707375,39.341617018442115
223,Dahlia Mae,65.2827229067525,47.122385451271796,11.52322953465346
297,Angel,63.50487449168199,29.888317854358906,7.771587973016459
381,Grace Belle,60.02655342577791,42.17394823179358,46.46916687817712
127,Loretta,59.688721011098295,64.7695036336044,19.880901206900113
240,Una Mae,60.27396429341567,75.25458585949114,0.0
30,Sadie,60.902655649205535,52.7313619222091,14.678608600970101
145,Diana,61.298565003283954,16.903469602568617,33.34190354647399
257,Lavender Belle,58.80672940455836,69.26443890071361,15.618533889861986
150,Isadora,60.3172740506944,25.665925076802043,66.69281074927311
154,Miranda,59.86610943041248,16.247715116353497,68.74326646130689
340,Ruby Belle,61.22367308710491,23.64655376158759,54.72755380525175
375,Acorn,60.45397055268253,33.31555126336464,36.53211232538775
7,Holly,60.47097672992368,40.584876646769985,25.805711651208018
355,Giselle,64.05396828946326,40.99161964887668,0.0
265,Twilight,59.833392885499144,46.668873648893154,44.50802778887333
42,Minnie,59.72914347777213,86.35966577832055,0.0
349,April,59.910791756950836,40.732568398467734,32.71759918431782
252,Ginger Mae,59.74702135611066,45.68563213766167,20.00415306278976
126,Katherine,60.733458068994594,27.55870081984935,21.868079816249026
388,Nutmeg Belle,59.27287749458139,69.83726214049913,22.95690277417993
292,Violet May,63.43230398248455,36.23752476311886,23.548194121686763
11,Ginger,60.596491267794455,41.64188706599511,10.766411349424544
97,Harmony,60.32283127110607,49.56800432105197,25.832220196136294
178,Kaia,58.80223727358246,49.828997892138645,46.41912251740441
66,Ada,61.19713854335975,59.10525466549451,26.47595633654711
16,Freckles,60.928103628628946,45.265901834360214,35.369430223693115
405,Ember Mae,60.47573136262188,14.70733766918407,19.147446298770948
52,Tulip,60.79175827519336,100,2.009997239864056
123,Hannah,60.60772813395196,66.62001820782544,31.42036942324798
191,Xanthe Mae,59.96609292611371,74.40732727622523,18.430176481509886
403,Cassie,59.37525073816313,36.52929199651237,48.735372461738535
201,Hera,60.41060929518828,28.91180663858814,50.31917041608622
89,Henrietta,59.74053578216155,69.1309357261533,5.369201067481448
217,Xena Mae,60.3163509420142,48.092760093944136,19.70146529511383
255,Juniper Mae,62.57341241283048,19.473931912435756,0.0
411,Kitty Belle,60.52859216674593,12.818346067752154,86.31479617908425
384,Jasmine Belle,59.32327717225582,51.20777098106079,50.625622569234515
46,Honey,60.220778344221785,62.918176604684916,5.477288364812608
211,Raven,61.2438867237902,36.82542369786643,0.0
347,Yara May,60.74598340061307,80.4053284452213,32.07053580691137
380,Fern May,60.54517422024209,22.28056305665327,59.45129867788923
358,Jasmine May,60.69174064034434,75.37615291266667,4.255439917767674
29,Stella,59.55065004272648,29.968387539702668,77.16827856008821
328,Faith,60.20911333939627,45.071534356326424,66.22478681736968
397,Willow Belle,59.94077644720915,75.30909920680445,11.607689919523786
45,Delilah,59.4109016741693,15.306930110073624,59.887233108014826
177,Jocelyn,60.560628471705655,26.794240096557687,23.408351652743086
198,Eowyn,58.48202338482251,77.3426648637963,33.753344564485104
35,Pearl,59.4009091494719,74.27326693316593,34.254133574949975
92,Prudence,60.66161329704056,74.58482306937826,16.964836003282628
244,Yara Belle,60.80697510160732,63.67794170423685,21.309581602815385
48,Delia,60.774159701952144,66.78875340282266,13.824862151210986
262,Quinn Mae,62.49886591820612,54.61937210066745,19.78591231230141
261,Peaches,60.72149501857703,48.643949649830496,6.556204035016549
195,Bellatrix,56.80895093519722,77.6912649130213,27.086028146669253
298,Bubbles,60.294046994121025,22.160015218929814,65.14729604646709
69,Cora,60.25604530820364,54.76609364826402,5.721675567880197
280,Iris Belle,59.03716322266924,63.95687187674861,42.32588377270336
56,Betty,60.366595074943305,73.94287568463199,18.78572691868777
219,Zephyr,61.82609396666262,52.670352631175305,33.41197235602148
122,Genevieve,54.25562773384581,21.861519090856838,54.014256856812516
379,Ember Belle,54.52139587877686,37.04948726108612,24.639262701125016
109,Thea,58.7450152317182,30.818836762850506,86.53163508648117
135,Theodora,51.45127485605962,36.03724276424325,76.45981606398061
37,Winnie,60.219158073076166,99.80143530748568,1.3813068620934246
95,Gladys,59.85028618126941,29.80177037355825,51.15944957964427
86,Sylvia,59.54729242504825,29.413955991897875,43.49961150814799
192,Yara Mae,60.43913906357724,24.9534837292139,41.17768050664687
417,Quinn Belle,59.121586524851274,42.177824679852854,40.83631528008176
302,Flower,59.83234219948278,42.93763077120304,38.10144918003114
212,Stella Mae,60.71870539394597,66.53632411318189,0.0
131,Penelope Mae,59.676927498048684,100,28.933718004613617
294,Xena May,59.16693521160148,93.91985954226782,19.302116184787142
389,Olive May,55.028983931793675,68.84944832738806,29.567240893017406
234,Olive Mae,59.91862155910908,79.1845084418732,17.05893551177852
82,Josephine,59.70419664885647,43.599934927391644,42.954418352005376
385,Katie,59.27838485513516,27.902237345077232,44.741786867929505
121,Frances,59.67685968714723,89.18398067924699,44.3811902292643
325,Cinnamon Belle,59.817238192596776,79.4587733522486,42.662839940714186
166,Yara,59.7311135563611,35.761086929072576,81.61806503634088
271,Zara Belle,58.124817416877974,51.32194451562743,52.48133991718692
171,Dahlia,59.4433025677775,79.5078833820199,17.153754461222654
233,Nova Mae,60.621867254081465,86.70112506773177,0.0
320,Xena Belle,58.74751062766285,59.33981300892256,68.33565059190789
386,Lavender May,59.86051452336696,31.578444006201472,100.0
363,Olivia,60.37300436250029,41.34363312779243,87.82839956076917
133,Ramona Mae,59.16868953707437,76.67591641385927,47.22545831209767
128,Miriam,55.797228075251134,77.80276574423831,39.740317769883426
1,Mooey,57.42517461928759,49.01745701413579,62.90021199141762
119,Dinah,50.57249519900024,49.76624985879168,57.0831509441794
186,Sabrina,57.1558427727016,34.64186422987728,56.16262735447586
120,Eloise,52.76888191812435,74.2152275332908,57.777984981208206
387,Mila,57.928775694196055,94.1164567619377,25.74279224472561
67,Harriet,60.22800234166296,67.96853464840098,23.86478980938031
134,Seraphina,61.083600373264424,40.675751873374836,37.460697623584096
33,Elsie,59.76399283118041,47.62035630420842,88.36175572652343
350,Bella Belle,62.96332577248517,57.39872152285115,76.7772766172232
268,Winnie Belle,56.04815543574409,89.18970302987013,33.88653112230915
172,Elara,56.71054641849479,6.219475267918915,100.0
258,Meadow Mae,59.13634131470983,55.569457352188124,46.29540999299665
287,Pepper,59.56351355376966,67.26531625944405,28.306458343693116
113,Xanthe,60.652767632941114,59.07827109495568,31.53581355452371
137,Vivienne,59.18396591970237,43.99541140200566,40.71937867572966
259,Nala,48.56493174704588,90.85200147105095,46.34167829929327
272,Amber,59.46557879500923,68.03691616995884,61.25863738923675
254,Ivy Mae,60.49574940909159,43.346901427175276,64.35836122310374
390,Peaches May,60.15576514851714,57.63385138673973,29.520965294895742
41,Maisie,63.8242373489129,65.44278344912641,74.70516656324033
221,Belle,57.83456896857516,66.69783835787858,66.95338159083224
213,Tara,58.90904265818816,30.4075103500919,78.19061911754267
256,Kaleidoscope,52.338694563494904,76.2359967680193,59.20861935349502
93,Sally Mae,59.78902773781768,37.60902003906798,59.02006784161211
200,Galadriel,59.77389528206617,14.59895817457376,77.08276367147224
202,Ivy,60.46696270711783,41.43612289737072,72.30880662309471
78,Agnes,58.9914664078654,46.532013503114406,55.47399935075492
139,Xiomara,61.878688161187014,29.07965191018059,100.0
142,Aurora,56.73110720107117,50.05864924851238,67.13559405579488
368,Tilly Belle,58.7985952786483,70.31268925839827,40.158636494605034
189,Vera,59.73322084402071,56.43261510297423,51.05602499834644
253,Harmony Mae,58.967559681237645,96.61499901352619,48.715729223308855
74,Willa,59.33801162550187,75.61753566768418,52.45731274570316
183,Persephone,59.483899220260525,80.2741395385305,22.215255503030715
38,Beatrice,59.84049046755592,56.578493399493404,65.50010887472308
321,Yara Belle,48.032504050377554,58.72057981117981,59.61092524687037
21,Willow,55.06895556933337,45.175295995236006,55.77480390178067
117,Brigitte,60.74418422879123,90.363682265732,43.94085861133597
153,Lillian,55.56679215913169,73.47670955325864,50.01521986989301
239,Tulip Mae,65.49068972490333,82.77487682627473,88.50945447616668
374,Zara Belle,61.22005082834717,76.033714749281,78.53555805338056
209,Pandora,59.624354450046006,88.66944369209651,59.45635231930545
96,Harper,58.45627015688914,68.72928486233477,59.00737407126234
293,Whisper,59.377334665262644,36.21178686916319,80.85638045574863
330,Heaven,59.717549293550114,46.17084050171108,65.36485530721502
377,Caramel,71.32737717948295,83.24930282117155,25.05239339858086
100,Kitty,63.65533215963093,64.25723993636885,97.79374802628925
40,Violet,57.75025513673602,86.85633501993485,43.20772383101649
251,Fawn,58.72165578303676,76.79814197699142,58.58965464723371
341,Sapphire,57.99846309366794,21.601995612969823,100.0
410,Jasmine May,59.34299608258039,40.39469706496041,77.78206115219615
371,Willa Belle,58.887948954277036,70.18214946086631,41.55773205838507
44,Georgia,61.42162677399578,71.12604094154855,100.0
346,Xena Belle,61.859586338671264,69.91193551301266,91.85173592469657
185,Rhiannon,60.241895919869634,78.44775696383405,67.23599450376925
146,Evangeline,59.785343968015056,70.91318171858774,71.0477725744291
58,Coco,59.42552207007961,65.61834797086227,61.67644245765291
47,Marigold,58.40517280366386,55.02145514459819,67.40833981388917
59,Eleanor,61.05145267892901,91.55081863635661,83.88839997417709
199,Fiona Mae,61.50499557938236,97.77341651068373,55.02620663829805
319,Winnie May,60.190452467146805,99.00905336285823,56.841696987854235
175,Hermione,59.76400364656522,54.113310174913856,78.76899887271583
232,Meadow,59.3812142455397,71.69233396901838,80.33564097704574
281,Jasmine Belle,59.001921445842555,25.814298730598978,99.43826208035486
331,Ivy Belle,60.80983295985329,56.63554296305359,87.07919241392312
18,Dottie,59.48520727023239,61.21687474658803,62.74886744314247
61,Zelda,56.54280585312973,90.26205709623383,47.11504523133881
367,Samantha,61.1903078593479,91.36191938362363,25.95943300139085
148,Gwendolyn,59.44773014064288,69.33856698406773,62.763865043904985
28,Charlotte,59.169320219687215,88.40869086671094,38.726241568837295
366,Rosalie Belle,59.05292358074919,26.13542396254463,93.41409512175214
203,Jade,60.106848894870474,64.05067653046004,51.06688287935686
8,Rosie,59.26578747835907,49.37758243384481,60.83725175609225
50,Martha,56.007941214466,77.40924418530088,28.50151088703295
84,Martha May,59.57273844206424,36.21432453557139,62.1395140440342
159,Rosalie,59.41746384730019,69.70091090952297,20.898935320976243
324,Buttercup Belle,59.13965322757442,39.11640125993741,49.300251287929015
237,Raina,60.03011548458744,52.875168862443545,31.03886781510989
399,Yara May,60.93859179506379,62.42131347568899,13.82461071959603
187,Thalia,59.69139009794795,25.81402860828263,46.209972283928956
391,Quinn Belle,58.99001903362792,4.290355051973285,59.549453918712565
296,Zara May,60.709475159021906,40.98809794990791,14.432529818277473
332,Joy,60.64683214998284,33.8121284162689,11.614157629266245
415,Olive Belle,60.47611558299498,30.41474331869368,0.0
10,Molly,61.19537780718365,20.929127440372397,8.581105505706333
215,Vesper,60.204362438914835,43.20065285687564,0.0
168,Athena,60.55661075057998,15.331502829610912,16.48477173283078
260,Olive Belle,60.86135002182721,40.25811579621107,15.485333211369912
337,Ocean,60.91600792262448,2.691562019419802,32.075803377257884
407,Gloria Belle,60.38288429300806,40.61433850352023,4.960921172618185
63,Gertie,60.35815501350044,31.40529599389842,0.0
31,Lola,60.984037971702755,31.104842281461014,33.427134761395976
231,Luna Belle,61.07094236748455,47.70512717195524,3.8812457744695905
80,Edith,60.30450774825867,36.047535184549155,27.950803222197695
394,Tulip Belle,60.69648532399257,8.682781552060188,46.99644908153687
26,Bella,59.775569392311056,46.90646582791458,31.330844031317223
190,Winter,59.92491138766974,51.02714756408571,14.924230035103953
238,Star,46.022792443855174,40.22084923735976,43.74397359810099
102,Magnolia,61.17467584333487,56.52429049975854,7.921143474914004
108,Sable,59.45601814253593,61.14508128376081,24.028749779808063
402,Bella Belle,72.10205255369812,63.30559579695796,19.48989101302382
396,Violet Belle,60.23517811590994,21.75817104554043,35.171432034743646
356,Heidi,62.230581931271985,44.723870297174955,0.6766694672996536
9,Luna,58.47717784280228,33.98268333612615,0.0
273,Bluebell,59.51321300408002,43.54362281209212,42.899831224959705
236,Quartz,60.66122415048612,79.91202167423712,0.0
243,Xanthe Belle,59.57930020910597,28.906820446152462,40.75104133755657
309,Misty,59.74717253508933,37.63413242636789,25.037989182272845
343,Unity Belle,60.93242671007344,28.47503497686841,15.36187343500719
401,Aria,60.66746594390783,52.072414033503414,29.97545317023558
334,Lily Belle,60.783976068601376,25.378720133742696,22.843629417852917
173,Felicity,59.41049912083713,44.24352262126231,40.98332148826616
43,Olive,60.493323700449935,41.14727996532548,34.546375336127326
245,Zara Mae,58.71557900413263,72.19443307655582,0.0
408,Heaven Belle,61.09270361764428,35.05266333023539,27.277996043903663
248,Cinnamon,65.33054322219452,56.36507189763468,0.0
323,Apple,59.60078708743321,79.81167290794549,18.92668971664962
318,Violet Belle,58.01911800483121,74.12295706799641,17.390075351307573
164,Winona,52.78131021150468,49.17938755799919,39.50909855234608
303,Grace,60.62706914603823,39.34558907394662,56.20330623245677
342,Tigerlily,60.28534236047301,27.983376476766033,18.878101698181
290,Sunflower,60.54903387118954,69.97751634908076,25.575503882813127
73,Hattie,59.866998535080505,58.89568299289574,23.95723373524257
420,Tulip May,60.10976872531387,34.84218086614809,43.43426081930175
68,Mabel,49.728589139725024,41.24554598691011,28.639046178983996
301,Ember Belle,59.336710603487944,70.9377038942464,25.147697336230507
163,Valentina,66.8953898027207,55.46227470392546,29.40240527106997
158,Quincy,60.55224484477817,34.93167401894444,46.49556087716784
81,Imogene,60.28460012906373,61.09296463099628,16.87390728369757
414,Nala Belle,60.17842035370505,0,56.127973476320406
322,Zara Belle,62.50916220273703,39.00442391780855,6.598876689954899
24,Jasmine,59.36974326092902,0,29.691852285351487
143,Bianca,51.62804250075741,74.213815210065,35.8259926911321
365,Quinn Belle,58.39372825431649,94.78289087778252,3.791541369162779
361,Mia,60.308130758181214,50.96813046188093,36.48849661155864
372,Xena May,49.5406923253191,59.593336198480664,73.37820915990186
176,Isolde,59.83259365788226,42.79281469546676,14.754022763006404
263,Raindrop,58.99145581698623,52.11708733338721,52.83656055695951
144,Calista,59.621087394664734,42.79932096955705,21.93261941696714
282,Karma,60.03607840282686,72.0901992685833,32.60952815841711
335,Meadow Belle,59.91710061922724,59.97896864325402,19.47523582724499
72,Nora,58.455711789518396,35.578519329212305,42.14626063965063
206,Maeve Mae,60.44125986763939,19.28304272664435,34.61049046781984
246,Amelia,57.850038990309194,64.99438415123952,51.064332055366144
220,Amethyst,60.53035062558596,37.02016704217015,73.02536624280881
218,Yvaine,60.08324507893063,15.533277406808772,84.31000082936953
85,Ruth,61.18359270014344,34.02118719980701,41.67141222258546
214,Ursa,60.26638245943468,53.95876728463337,9.93529163521034
376,Bella May,46.898322239161836,68.11116989727117,47.799958689618705
20,Ruby,59.61762745682084,44.914327605320274,69.68823671458182
338,Peaches Belle,60.47283978709461,39.867769795862095,45.95590135962522
333,Karma Belle,60.482692576282034,38.89884252338405,54.434099157928024
32,Annie,58.97538972362761,60.44646083826586,22.738191203080763
370,Violet Belle,60.44888977713288,44.937595114389865,25.342202352669247
228,Iris Mae,59.433016556478364,56.48776704845925,64.18035659020902
378,Daisy Belle,61.99608813626535,53.48994930389426,80.42382997193312
125,Josephina,52.16924505425625,50.935514049346736,54.031203654485644
317,Utopia,60.5100934909795,36.96432176558113,62.73102323906643
27,Lucy,60.203420696322326,59.59365090019864,22.37862459932193
275,Daisy May,59.48516871757621,39.547904621188835,36.64221923821166
373,Yara Belle,60.761528644446415,65.42857834162785,0.0
62,Rosie Mae,58.68775332741805,43.52482009522246,72.02024036451519
107,Ramona,60.014308444852354,21.995635801211975,82.56157666971049
315,Sky,60.54950723430972,72.24887297017827,26.390064946713814
140,Yolanda,59.6501670612956,51.03855361908646,44.09717925472032
311,Orchid,59.56514881634502,54.161449560712384,24.16235889112957
412,Lavender Belle,59.67428419003684,55.46472991941546,69.6838186607624
112,Wendy,58.15690439543362,42.253337320805606,73.77893511511023
90,Lorraine,59.73931654755286,43.44181527056582,33.94115951652263
169,Brielle,78.93799423364875,67.91541577204657,3.385035494074316
70,Ida,61.283141806814015,65.31500138784581,66.91992448956634
249,Daisy Belle,59.39623956965704,73.20400410646386,51.477786259373474
229,Jasmine Mae,58.313854018032025,52.344332701217695,68.15093426404738
400,Zara Belle,59.38063386766453,40.846634201249955,53.10304243145749
227,Holly Mae,69.78505864401681,50.49166484562603,38.376739168508
22,Clementine,60.10359200215871,23.777701819236235,54.39456457684616
295,Yara May,58.21509389312509,48.823212453022265,82.50003901686537
406,Fiona Belle,57.870956681716436,68.48001995868394,43.529214416016046
2,Daisy,59.4412315263931,97.07051919071411,13.52894977654524
174,Guinevere,59.378804815522166,34.509517277551325,69.81785447053346
118,Camilla,58.83023945472702,28.14976839867042,71.23725420933042
345,Willow May,57.97963337535578,42.07916696322809,34.83927764157668
304,Hope,61.090498114642706,90.15565573808162,38.6102430672202
57,Daisy Mae,60.193662404117184,79.8217667236824,58.528285781907265
3,Buttercup,59.408104468709816,46.163642919682935,84.99274923222447
103,Nancy,59.75891739227894,43.45203204575118,65.84583171002089
65,Gemma,60.08106540766001,59.38323386430765,41.358168167645324
79,Bonnie,49.484738311899974,26.643602570768053,62.969411620993355
124,Ingrid,63.84271729538006,37.01996813614458,100.0
416,Pansy,59.803665240919685,81.3494182477257,48.14920359261788
94,Dolly,60.1561474836235,93.84536153505215,27.76148907866112
99,Juno,57.932837370065,48.64379366993543,61.29993186726804
193,Zora,59.08295296460725,86.91326436965582,17.72984118298581
276,Echo,51.708831656380156,71.81636268352237,20.743299494994925
364,Paisley,60.73223422800139,100,33.806393195396375
353,Ember Mae,60.329069973523005,34.772008304043766,100.0
4,Bessie,57.52309951766266,43.36806564178256,65.83556781226909
36,Rosabelle,59.759217733802025,93.77727112225436,4.744572594701708
207,Nyx,59.073132648214276,73.04288824113083,19.03778479137982
329,Gloria,61.03110982732321,69.17900757285102,80.04798167201045
138,Waverly,59.40439755093225,75.68994653054476,34.56253840356732
149,Helena,59.845632178582804,24.456892756214927,76.33973358237382
76,Winifred,61.23045611257142,61.901699165512234,80.93631667739581
286,Oreo,61.11060727080682,47.5988813786059,87.19711100544703
270,Yara Belle,57.46649129026697,82.27349337171255,46.96844052241869
413,Misty Belle,55.00822352817767,74.77443138768912,43.444412548880564
336,Nala Belle,60.31232514258431,57.459223843836284,49.966403303121105
326,Daisy Belle,60.48496852900213,79.0873136218757,71.16582932709801
101,Lacey,61.271236034653334,51.209529718309106,85.37359925655221
91,Maeve,46.36693489085466,99.86711318872743,31.03826692613989
314,Rose,59.14888538453183,85.79619626005642,40.47138124964739
34,Millie,59.92554801236666,73.9016573133063,46.2008766368871
392,Rosalie May,60.003672184549586,37.88297330929575,100.0
110,Una,60.448583668910565,57.524873239912274,91.95578198280276
305,Ivy Belle,60.44093960444617,53.35652089575246,84.29091128174394
279,Hazel Mae,60.76121850647979,57.852069591014235,69.46244013225625
98,Iris,50.358882512883056,96.25695309324684,18.20419794023262
339,Quinn Belle,59.11001227545748,99.49381027403736,58.3443966010704
210,Quintessa,59.41706875086555,67.60321330741317,70.05771480782352
235,Petal Mae,59.920150028772774,77.36454033792518,50.59313505325972
170,Calliope,60.129908042100396,73.71357482496006,78.24874768844333
51,Greta,60.97319274275439,38.5493992591417,100.0
359,Kara,59.372335666198076,30.316209559269318,100.0
205,Luna Mae,59.173148853108074,41.16735332969845,78.40569668770323
194,Amara,56.185465895393,35.607184378597495,73.80678807548284
291,Twinkle,72.13688309969545,71.54030542904935,100.0
161,Tallulah,61.87829158530445,65.14282019718483,94.24673690282782
160,Serena,59.58965466015312,33.22075271703043,93.73423125138618
181,Nia,58.227000340985114,78.74348149775791,32.014312373863035
278,Ginger Belle,70.85029060554854,100,76.94190767875007
369,Uma Belle,62.82616861319068,92.2182250462255,72.5910935693526
300,Daisy Belle,59.28252931686491,44.0907878290895,100.0
162,Uma,58.16905554188561,71.85822866483991,60.039566322031334
60,Nellie,58.89754389080101,98.40895340618428,24.917832326585515
398,Xena Belle,59.138906334513734,62.829579676975406,51.80758664108431
264,Starlight,60.127866659387514,100,60.33637488396256
383,Ivy May,61.13382410955302,75.73823148951661,74.00557285283818
354,Felicity Belle,50.42022673129504,78.71035327705548,55.41818738776739
382,Heather,60.25561254844673,65.93039771497314,62.12512525672577
114,Yvette,67.63664504110278,73.02025084160684,100.0
362,Nora Belle,61.35969593806387,91.9845043022728,40.498148130339096
25,Lily,56.331356335303425,53.00336635299153,67.39631608750503
