225,Fern Mae,61.55021246132611,61.83065910777047,41.09097666912308
239,Tulip Mae,55.29188702655259,80.89230841641606,88.50945447616668
243,Xanthe Belle,47.94445789109278,43.69155890409401,40.75104133755657
13,Penelope,59.498984292707455,63.24264049621297,100.0
291,Twinkle,74.39397731328397,73.71516312505263,100.0
129,Natalie,63.435552339841735,70.57429942555247,86.25910683365714
353,Ember Mae,54.47873176758967,60.852613298735115,100.0
64,Flora,58.039957791902054,60.63007450000833,100.0
107,Ramona,55.09900915936188,68.74186210116976,82.56157666971049
208,Ondine,74.87073180520906,63.22586099209393,100.0
175,Hermione,70.68207236339077,74.39241140593523,78.76899887271583
308,Lily May,61.774343507216464,64.69199873091388,100.0
101,Lacey,53.85247679988817,59.98513462130321,85.37359925655221
44,Georgia,55.85352717297443,46.50610444255398,100.0
350,Bella Belle,69.1598518971749,71.20492507676849,76.7772766172232
12,Matilda,56.46957765689341,71.80098283183136,82.42398093268879
284,Maple,62.95331003153847,84.41264545506712,93.49596965419619
105,Patsy,46.66764852275683,78.90798211180066,62.523800388958875
329,Gloria,59.86219643433892,62.93907626541451,80.04798167201045
360,Lavender Belle,76.15504286874335,71.41440534887577,100.0
363,Olivia,64.16116279385012,51.85654128913441,87.82839956076917
179,Lavender Mae,72.8936891826823,66.27088987733335,88.81613331216437
196,Cassiopeia,58.86289759698725,59.17441511094104,75.49006273806116
161,Tallulah,61.99750654879203,44.70649061209509,94.24673690282782
230,Kismet,60.30330029520596,59.80529495538804,99.06315715984539
38,Beatrice,64.52767516653108,68.94374801957319,65.50010887472308
114,Yvette,72.94971607205315,59.69304078218215,100.0
412,Lavender Belle,55.44710181960283,56.315197952147976,69.6838186607624
20,Ruby,51.39124865051507,62.72995341168068,69.68823671458182
269,Xena Belle,59.235049755469674,59.775926696726145,100.0
162,Uma,58.6550580171601,67.70632249873815,60.039566322031334
378,Daisy Belle,58.375178193578876,76.60734294187552,80.42382997193312
170,Calliope,59.79739663400953,45.35615888359747,78.24874768844333
313,Queen,42.10144841141435,69.58641131502317,50.20795771193847
110,Una,45.73434437132769,63.9691838737013,91.95578198280276
418,Rosalie Belle,61.549283475276596,76.06751549124168,59.39709289252882
226,Gypsy,61.660458618618456,65.9195050269417,86.24318177382722
96,Harper,59.786360030923774,60.12456033887061,59.00737407126234
124,Ingrid,59.40664961826116,54.21237959992968,100.0
106,Queenie,54.0175536200966,71.63046543433627,85.81188736729314
4,Bessie,53.12403259035977,66.29665750421341,65.83556781226909
222,Celestia,30.82224019742132,42.81755328525641,67.47862863190866
241,Violet Mae,50.46257585599839,72.4773676895019,83.19078492969925
411,Kitty Belle,63.35470498469872,53.412356070555724,86.31479617908425
95,Gladys,57.270420402225106,74.82042554286377,51.15944957964427
417,Quinn Belle,60.7461812976468,64.52570877200796,40.83631528008176
15,Hazel,61.655531956207916,60.46388664058333,83.0274258777744
250,Ember,48.48115532854992,62.60045572283782,73.96190964377153
18,Dottie,58.68947329847186,39.66081889965777,62.74886744314247
295,Yara May,50.313929284888886,65.6979105827576,82.50003901686537
41,Maisie,65.82397242534319,72.48041822190123,74.70516656324033
219,Zephyr,80.92626449017243,61.00559408566338,33.41197235602148
326,Daisy Belle,55.32915004987607,73.55790619042673,71.16582932709801
51,Greta,60.80766129988124,55.498449605722506,100.0
26,Bella,61.16288977618375,61.21802893072885,31.330844031317223
382,Heather,49.4841171376688,75.8669042196357,62.12512525672577
88,Tabitha,63.66150706611489,49.479087386412765,100.0
315,Sky,80.91609168223803,56.12962870951864,26.390064946713814
404,Daisy Mae,62.39678313914967,60.73424895913213,80.82726400095856
327,Ember Belle,55.06804380245429,72.72902315376925,71.9302137439784
396,Violet Belle,60.05172851927148,43.18774885006246,35.171432034743646
409,Isabella,58.079955982512985,77.3602120692789,61.68529227270035
46,Honey,60.93794332228772,68.56890356380762,5.477288364812608
366,Rosalie Belle,75.61558795243114,44.0741868651136,93.41409512175214
168,Athena,67.22059557919215,50.52305661964754,16.48477173283078
17,Petal,72.25398107769557,48.266101348708176,100.0
261,Peaches,57.56476251356226,51.728141495015926,6.556204035016549
200,Galadriel,57.547455372624526,63.722731012489376,77.08276367147224
36,Rosabelle,61.54775470457904,47.42119355335493,4.744572594701708
33,Elsie,61.27463303149728,67.41927290415916,88.36175572652343
188,Ursula Mae,60.502036151332135,39.682860172182814,1.4169724317606054
374,Zara Belle,59.23490545983039,71.42405213496527,78.53555805338056
240,Una Mae,64.77712083224439,53.04927773680612,0.0
155,Nova,56.342966787383084,62.55677768811883,74.75974166519512
292,Violet May,70.79212083700027,50.79614178835299,23.548194121686763
11,Ginger,65.69027817226335,48.44770641733725,10.766411349424544
81,Imogene,49.52558794192948,56.09464448469194,16.87390728369757
332,Joy,59.92576258701837,55.634452906156234,11.614157629266245
407,Gloria Belle,68.5184447781207,45.04991597068295,4.960921172618185
134,Seraphina,51.25214397198343,43.352866754557965,37.460697623584096
169,Brielle,86.66008207672755,57.58709528730656,3.385035494074316
373,Yara Belle,64.91592546670054,52.66884270440103,0.0
273,Bluebell,59.62178533950718,36.899586348174196,42.899831224959705
97,Harmony,56.45916144134055,59.13354512621394,25.832220196136294
282,Karma,65.95333999277594,46.83625695500508,32.60952815841711
393,Scarlett,73.34225146157746,52.17251420639367,8.844825410406465
152,Kiera,59.665550623927686,54.67450246077581,35.937992469871375
263,Raindrop,68.41601755796626,66.56689441099432,52.83656055695951
328,Faith,64.13565943547972,29.481111678962176,66.22478681736968
85,Ruth,62.63892471537425,43.45249685657048,41.67141222258546
215,Vesper,65.81487986741264,51.29620994929083,0.0
63,Gertie,70.56382738306492,40.82118552621999,0.0
138,Waverly,57.36127809389542,67.10328879661776,34.56253840356732
145,Diana,67.76300733377418,53.38253204888594,33.34190354647399
24,Jasmine,57.98405108707022,38.599369220635324,29.691852285351487
276,Echo,44.13734112774242,79.78783762302652,20.743299494994925
90,Lorraine,59.69011843575717,62.99868535021637,33.94115951652263
115,Zara,59.98185331637431,57.91416173271392,34.535249441990814
260,Olive Belle,61.80238437540547,50.705408213827404,15.485333211369912
42,Minnie,68.15296129552443,52.17322574748179,0.0
189,Vera,72.24783627100571,51.06057041148236,51.05602499834644
265,Twilight,53.689772362319445,52.94735324913178,44.50802778887333
338,Peaches Belle,59.77945397974489,56.187607143274846,45.95590135962522
272,Amber,61.571762815838554,46.944763156311865,61.25863738923675
377,Caramel,92.10548322767417,67.11623478822904,25.05239339858086
318,Violet Belle,57.99843476245303,49.98754155774193,17.390075351307573
147,Faye,71.22541168557858,61.043398588847595,0.0
420,Tulip May,53.75350945498701,63.13807963624711,43.43426081930175
50,Martha,69.51852049964137,62.951981988589466,28.50151088703295
401,Aria,61.63855024016134,55.38039903181667,29.97545317023558
419,Sienna,61.28410248807168,76.4176208234855,0.0
355,Giselle,65.43169193561283,60.25216282572524,0.0
255,Juniper Mae,67.11171445070605,52.71658505607799,0.0
157,Primrose,64.80469072829051,56.22647538957432,45.059270258595305
60,Nellie,60.33803576306429,71.8937540949428,24.917832326585515
164,Winona,43.908446965953594,44.06506725612958,39.50909855234608
69,Cora,65.52472704022752,74.91005178049399,5.721675567880197
244,Yara Belle,62.38999152481536,52.001954207208584,21.309581602815385
415,Olive Belle,66.88306088356815,66.14904408280537,0.0
178,Kaia,60.4028402903809,70.91817340215697,46.41912251740441
235,Petal Mae,48.67725261575622,60.879365921022035,50.59313505325972
387,Mila,63.547313689150656,82.16287519702743,25.74279224472561
153,Lillian,49.41251640918416,52.40766530180729,50.01521986989301
343,Unity Belle,59.74572163515441,82.70411695397635,15.36187343500719
399,Yara May,67.07672589125285,68.28408428598803,13.82461071959603
310,Nova Belle,63.48058179578809,54.91607059959445,73.69677834658361
212,Stella Mae,55.257106451972405,75.23972980746191,0.0
296,Zara May,59.6855638935873,53.45130623929724,14.432529818277473
187,Thalia,53.695384583818424,67.52779772404614,46.209972283928956
84,Martha May,58.22844258423501,55.146025688018014,62.1395140440342
253,Harmony Mae,59.360534701893684,60.36229141731982,48.715729223308855
21,Willow,45.70966299442816,52.78760032871241,55.77480390178067
379,Ember Belle,47.35215351419103,73.88192191178756,24.639262701125016
73,Hattie,45.13586973848978,73.10544337349103,23.95723373524257
82,Josephine,58.51151964858168,48.439763096791125,42.954418352005376
223,Dahlia Mae,80.121598478001,62.63059420450495,11.52322953465346
151,Juliana,63.07183693357805,74.41548837219555,45.21506791974581
8,Rosie,70.11432407790892,57.492322343240545,60.83725175609225
158,Quincy,59.97361946185971,61.64558558775541,46.49556087716784
133,Ramona Mae,66.18552269387924,54.16472674407891,47.22545831209767
385,Katie,51.47774441968849,52.98527715937041,44.741786867929505
246,Amelia,62.31207295517575,40.57192144279433,51.064332055366144
370,Violet Belle,62.92653871683778,61.39386311653331,25.342202352669247
356,Heidi,59.78367397690639,60.200551108955665,0.6766694672996536
203,Jade,73.53479635762835,62.10843295651166,51.06688287935686
67,Harriet,54.401877333883185,54.83106167272482,23.86478980938031
66,Ada,59.86277964729179,48.25140314443059,26.47595633654711
209,Pandora,59.64086296474578,64.17676171838734,59.45635231930545
126,Katherine,66.5450178131878,60.386613297626354,21.868079816249026
258,Meadow Mae,63.93640856084346,55.067443424551946,46.29540999299665
236,Quartz,61.362772792945904,72.53430484217708,0.0
330,Heaven,61.84661426621847,61.27269071908796,65.36485530721502
347,Yara May,72.32551434440444,79.99331520477993,32.07053580691137
28,Charlotte,69.20921998194295,67.56537181513237,38.726241568837295
340,Ruby Belle,56.550303170586446,43.241259824518785,54.72755380525175
171,Dahlia,78.33298309892591,74.91126469761305,17.153754461222654
180,Margo,47.722451388992866,55.185191987348674,24.31661590355249
9,Luna,60.90214463200431,72.50570579106065,0.0
264,Starlight,41.20920314634069,67.08382008147038,60.33637488396256
45,Delilah,57.19196511838373,62.29436261324163,59.887233108014826
116,Abigail,46.351449118174216,41.88461952245034,75.59046550149935
398,Xena Belle,62.824324384122534,62.10471392572752,51.80758664108431
32,Annie,58.81503249870795,85.95137218858049,22.738191203080763
68,Mabel,38.05083732798413,74.47925285542078,28.639046178983996
192,Yara Mae,57.20324717621724,56.40277371782598,41.17768050664687
176,Isolde,63.84997985700158,60.78428411421019,14.754022763006404
372,Xena May,45.220531543126896,44.044232889489,73.37820915990186
367,Samantha,55.416286244447654,76.21953720685491,25.95943300139085
210,Quintessa,61.19172480429686,55.770062523380105,70.05771480782352
1,Mooey,59.52404830606284,60.19412285038162,62.90021199141762
6,Clover,46.487014482808505,66.38728747505151,51.86477637845585
35,Pearl,53.89566539613076,56.21771009652642,34.254133574949975
144,Calista,60.44796682605708,64.87952289508723,21.93261941696714
217,Xena Mae,65.79380132465143,59.50469383831939,19.70146529511383
319,Winnie May,55.267000431786364,77.77880487089985,56.841696987854235
146,Evangeline,56.54664568211568,57.20147813289695,71.0477725744291
259,Nala,40.244785626287374,65.77276100116683,46.34167829929327
119,Dinah,45.07319126117417,50.898461112561705,57.0831509441794
303,Grace,61.08517347305462,45.28329261381055,56.20330623245677
270,Yara Belle,65.7012646957479,51.10502068394166,46.96844052241869
31,Lola,53.151153978924704,59.03582631617045,33.427134761395976
337,Ocean,60.65353213994933,55.074290964933816,32.075803377257884
267,Violet Belle,53.15257124041616,58.28562057901498,83.52461069033635
254,Ivy Mae,73.00437812417437,69.00451740271372,64.35836122310374
316,Trixie,53.50107772743506,61.423990753919114,61.59851206549226
324,Buttercup Belle,59.87459153398854,61.986626698453605,49.300251287929015
123,Hannah,59.3547151670682,66.21350975525628,31.42036942324798
364,Paisley,59.87929981988978,58.6021984147242,33.806393195396375
312,Pebbles,62.052851648089074,62.53671461756771,66.4355955105053
339,Quinn Belle,55.70538023881595,60.27786636067149,58.3443966010704
183,Persephone,64.44525006904078,79.23738976208159,22.215255503030715
323,Apple,52.54229309178263,74.13238402103485,18.92668971664962
287,Pepper,59.643373353792136,62.41574077675149,28.306458343693116
274,Cocoa,63.2464448640186,63.891158583243126,84.72801685475343
14,Fiona,53.74073161057533,76.87501442924204,62.433280941281716
74,Willa,58.621047975817866,65.02962217308021,52.45731274570316
237,Raina,64.44849402891009,67.42361142623304,31.03886781510989
91,Maeve,45.62813418695529,66.19929663756686,31.03826692613989
80,Edith,47.29280934722314,62.25706116124681,27.950803222197695
22,Clementine,74.29700988953834,68.4528143075064,54.39456457684616
78,Agnes,60.565220288734444,51.18589592935448,55.47399935075492
198,Eowyn,67.56970933188751,68.94684722308769,33.753344564485104
386,Lavender May,59.05872690634224,47.38128467975192,100.0
16,Freckles,79.46522003159244,81.38215581497313,35.369430223693115
113,Xanthe,69.34788283046305,74.83369998636881,31.53581355452371
384,Jasmine Belle,51.45891391205011,51.880644946511225,50.625622569234515
194,Amara,49.45481717375552,50.20722382247897,73.80678807548284
199,Fiona Mae,49.62504593981811,58.04202729797695,55.02620663829805
49,Juniper,45.383716800713046,62.28322300549452,39.341617018442115
132,Quinn,59.85216133055538,71.36919328483657,84.23940177250341
224,Elara Mae,55.842381121072556,74.03392620155542,69.60176582284927
247,Blossom,61.529589168523145,58.79071530803691,81.38329008170857
103,Nancy,57.59103164232282,69.44972451621179,65.84583171002089
167,Zinnia,58.82181263539842,46.140630544637936,81.32026840070057
414,Nala Belle,57.80535788531975,46.431632026154304,56.127973476320406
112,Wendy,62.65118213718264,65.77978851530776,73.77893511511023
369,Uma Belle,64.602775719895,53.930208663237636,72.5910935693526
305,Ivy Belle,61.479183739982446,39.74383663979558,84.29091128174394
348,Zara May,64.0175247386703,57.69265796164498,55.771206651915946
213,Tara,59.513015865595236,70.1147136916875,78.19061911754267
383,Ivy May,63.97940794087778,55.439978056461754,74.00557285283818
278,Ginger Belle,72.37786703862629,74.47870737192481,76.94190767875007
109,Thea,55.882881843058186,49.3962620201963,86.53163508648117
83,Lavender,62.59915278808284,59.39395002149077,70.3181508235252
111,Veronica,63.605876292205835,69.33137972407928,49.66613801050426
23,Poppy,61.43771081488134,61.43988429156045,100.0
395,Ursula Belle,55.35841877759936,54.225230460455826,71.41447896866025
416,Pansy,56.11352111309347,71.25721346699505,48.14920359261788
122,Genevieve,43.46463685588493,58.8734433646234,54.014256856812516
368,Tilly Belle,53.35084500310555,71.19952656287742,40.158636494605034
281,Jasmine Belle,59.21239776678771,48.84780496301775,99.43826208035486
320,Xena Belle,45.41006341900109,71.88187725951227,68.33565059190789
359,Kara,59.333282024653386,66.88288020104268,100.0
160,Serena,35.21678540472393,64.28524878612447,93.73423125138618
306,Juno Belle,59.489405121510515,55.883694184631615,100.0
100,Kitty,63.88242806914309,55.43035000491312,97.79374802628925
39,Phoebe,65.26274186923393,56.36892573217422,93.48674699317641
341,Sapphire,65.94463214843329,47.51801700041432,100.0
279,Hazel Mae,60.56884942789135,74.40199224806457,69.46244013225625
154,Miranda,42.13714479859848,72.86456659045356,68.74326646130689
55,Opal,59.63117677111599,67.37410652195265,68.90968519657295
99,Juno,59.467726994007315,70.03617056471928,61.29993186726804
166,Yara,77.27882892052249,54.61081555797236,81.61806503634088
202,Ivy,56.463073106261916,56.807481699512095,72.30880662309471
317,Utopia,60.82717518572743,64.47717231997477,62.73102323906643
47,Marigold,75.68021772834507,55.83093765322779,67.40833981388917
93,Sally Mae,56.60462390468672,58.60316570988575,59.02006784161211
400,Zara Belle,42.5966019647637,64.64530303001187,53.10304243145749
185,Rhiannon,55.315316694267594,54.535019931492045,67.23599450376925
173,Felicity,57.798998887652566,68.47223900407585,40.98332148826616
325,Cinnamon Belle,65.85217748506119,62.77516285054623,42.662839940714186
403,Cassie,57.9574283841509,49.80149415056096,48.735372461738535
193,Zora,64.43548692837334,77.5021771711355,17.72984118298581
361,Mia,55.632656188975545,50.89728206716232,36.48849661155864
207,Nyx,71.62212235492456,60.87624285195302,19.03778479137982
231,Luna Belle,72.10537360275973,68.5984833373048,3.8812457744695905
190,Winter,65.64716300676176,55.196309039933126,14.924230035103953
102,Magnolia,59.85263280831769,54.646147589510356,7.921143474914004
10,Molly,54.30903674763814,47.65908547314602,8.581105505706333
37,Winnie,40.687756825719156,54.602701765315345,1.3813068620934246
397,Willow Belle,47.735786344919966,50.4098366529063,11.607689919523786
216,Willow Mae,50.251188006759996,55.88989999790053,0.0
288,Quinn Belle,56.422317508043214,43.566335061407585,3.147774877120497
248,Cinnamon,65.20794518527362,46.27106003790148,0.0
358,Jasmine May,63.239936350858244,68.01877338874169,4.255439917767674
322,Zara Belle,64.02222032213948,63.49093192456574,6.598876689954899
71,Esther,62.475779204037124,68.69961189573529,9.616408691364825
299,Coco Belle,69.28400155555859,56.63872229981208,0.0
408,Heaven Belle,61.884945483743884,53.315453812706586,27.277996043903663
177,Jocelyn,60.439490731762284,53.329862896559106,23.408351652743086
2,Daisy,58.804644552902595,58.41460928892603,13.52894977654524
280,Iris Belle,58.723063531280154,40.02453907942932,42.32588377270336
52,Tulip,66.1691081663342,62.52909437442287,2.009997239864056
266,Unity,63.582544007993064,56.22511535598964,0.0
75,Adelaide,78.0352607963051,53.72762352235923,34.52114947546283
108,Sable,55.19845563030786,57.88647270545747,24.028749779808063
390,Peaches May,59.93348106766198,65.66812152966641,29.520965294895742
48,Delia,71.40803051485332,75.1189941881601,13.824862151210986
131,Penelope Mae,73.23708731596291,54.30580261835798,28.933718004613617
389,Olive May,44.163505763691134,57.975346698756006,29.567240893017406
137,Vivienne,61.265167256858184,53.166219880074486,40.71937867572966
7,Holly,48.56784179819079,52.715247203318825,25.805711651208018
371,Willa Belle,69.0889092165469,50.12597611990515,41.55773205838507
143,Bianca,47.413570210532974,53.99636318881948,35.8259926911321
27,Lucy,46.079525937415106,60.025018822539245,22.37862459932193
130,Odette,77.31109351296303,56.65040030263962,0.0
311,Orchid,56.227480784300035,78.92115643266706,24.16235889112957
376,Bella May,41.41980886111786,48.18156786852093,47.799958689618705
294,Xena May,63.084336845493894,67.42374006070558,19.302116184787142
283,Lily Belle,85.68348044619991,42.18419850684622,33.59568354204245
165,Xena,47.25307715129418,64.49703231478792,7.41370768225957
388,Nutmeg Belle,66.43349412926354,75.53885179518903,22.95690277417993
182,Olympia,52.479031135971,55.3657628423807,45.04129195627968
257,Lavender Belle,60.62469551866166,60.575906657467286,15.618533889861986
344,Violet Belle,58.32744763935032,46.88332082962425,24.486632464815237
405,Ember Mae,57.28783498488193,42.803642644588365,19.147446298770948
181,Nia,61.76667521038668,72.05650345835545,32.014312373863035
117,Brigitte,53.455610669868484,53.14471812284501,43.94085861133597
345,Willow May,46.722177428533335,55.34293680343786,34.83927764157668
365,Quinn Belle,61.96091785649091,59.1938662444378,3.791541369162779
297,Angel,72.14340525109178,38.10816867734355,7.771587973016459
334,Lily Belle,46.472118438233046,60.23038675183469,22.843629417852917
335,Meadow Belle,59.71771907476888,73.61561659084751,19.47523582724499
65,Gemma,66.8511365903924,34.74137176663428,41.358168167645324
214,Ursa,53.40340824565864,60.52915593890187,9.93529163521034
233,Nova Mae,71.0662412825816,65.59063120753748,0.0
211,Raven,62.88201930975546,56.06231964732588,0.0
87,Tilly,60.133222000915254,46.56226922562091,64.75540038248161
86,Sylvia,59.890254253734106,62.19361656874097,43.49961150814799
302,Flower,57.67693475937273,61.78548701330972,38.10144918003114
54,Fern,57.15900301605541,63.459329561417746,24.9690887382335
228,Iris Mae,59.32746647887419,39.95751391195896,64.18035659020902
309,Misty,58.5989309683058,74.27004038092599,25.037989182272845
242,Willow Belle,65.39541205253573,76.07335541268723,18.83247961057288
277,Fern Belle,58.20155913984901,67.06834804983474,21.493692509974903
98,Iris,44.38868337646955,63.57230233730122,18.20419794023262
30,Sadie,65.02121793218578,62.120939446666476,14.678608600970101
342,Tigerlily,54.84919558258813,51.88057166385747,18.878101698181
245,Zara Mae,59.765640194321975,63.91672052172398,0.0
271,Zara Belle,55.48397869267519,54.115851723452025,52.48133991718692
104,Ophelia,64.26998992849835,56.17924253294687,48.99375351443238
195,Bellatrix,54.3144731535625,73.0937704754575,27.086028146669253
127,Loretta,57.216673535094976,75.17679192492393,19.880901206900113
227,Holly Mae,81.18372613513934,50.39002038619674,38.376739168508
89,Henrietta,53.63271018590526,77.84854094203718,5.369201067481448
234,Olive Mae,59.598196402816264,53.461592870072245,17.05893551177852
61,Zelda,48.46039796716061,72.94983849274541,47.11504523133881
79,Bonnie,41.27891130260751,47.20042278034055,62.969411620993355
159,Rosalie,53.37971851252259,83.12668175458663,20.898935320976243
290,Sunflower,65.65273039809507,74.90897189852707,25.575503882813127
314,Rose,68.60492960945442,53.53661126452396,40.47138124964739
43,Olive,55.73668405955938,54.827628336069495,34.546375336127326
92,Prudence,59.03654657474838,67.40569956855951,16.964836003282628
221,Belle,68.22088613358842,58.20993114753189,66.95338159083224
354,Felicity Belle,43.49443684368829,63.60948792134903,55.41818738776739
375,Acorn,60.473668850021504,63.96737833711424,36.53211232538775
56,Betty,76.0455894563169,64.71431214209287,18.78572691868777
62,Rosie Mae,59.85292081076446,55.127875056348024,72.02024036451519
262,Quinn Mae,78.97418305902022,63.25605625587124,19.78591231230141
321,Yara Belle,46.28129935367054,66.77281053757365,59.61092524687037
70,Ida,61.60418994690145,57.951929119216516,66.91992448956634
174,Guinevere,59.008807682748355,51.44849024766751,69.81785447053346
125,Josephina,48.95959774439466,55.29438481212153,54.031203654485644
184,Quenby,57.738240712927166,46.86831670363618,46.82625898569183
301,Ember Belle,63.74046553754131,54.573308881805644,25.147697336230507
252,Ginger Mae,67.42903428950817,56.005165183234084,20.00415306278976
5,Clarabelle,43.127498607256285,59.71649955907402,55.48211686657087
381,Grace Belle,72.99904459569716,60.59764354031148,46.46916687817712
307,Kalea,82.79257113987896,59.81841505203153,21.822855938501707
148,Gwendolyn,50.97429771263396,62.21821972512524,62.763865043904985
135,Theodora,52.297468489305395,39.30914810236849,76.45981606398061
256,Kaleidoscope,45.89903559187462,51.609058180089576,59.20861935349502
163,Valentina,82.22869825393953,60.59000610180916,29.40240527106997
34,Millie,48.25749063906048,69.45698001138439,46.2008766368871
128,Miriam,61.090804937449434,59.45698479848804,39.740317769883426
206,Maeve Mae,59.9970625701401,52.899075951114085,34.61049046781984
402,Bella Belle,79.93861911659536,61.185769392489014,19.48989101302382
142,Aurora,62.42858763383915,70.56283942421071,67.13559405579488
357,Isabelle,62.95504622020285,64.6535681937807,67.62296658551571
380,Fern May,71.31277108618563,55.988879040669545,59.45129867788923
121,Frances,56.21902618900694,51.85710348262164,44.3811902292643
94,Dolly,55.71088530985443,66.65502033390301,27.76148907866112
77,Louise,61.06539029745659,71.15293039589899,17.305774433071598
205,Luna Mae,77.03152558659387,60.47136271261414,78.40569668770323
25,Lily,52.96559613338464,52.4705109649206,67.39631608750503
268,Winnie Belle,57.88107274714365,78.02730675721241,33.88653112230915
362,Nora Belle,56.961982333723455,66.31750295180606,40.498148130339096
406,Fiona Belle,71.72838464267437,56.584644280098495,43.529214416016046
285,Nutmeg,64.74378876054276,56.11963361200755,38.82989067697795
349,April,60.43565304021672,55.54628366757542,32.71759918431782
286,Oreo,62.941476019398124,62.20860294061898,87.19711100544703
346,Xena Belle,71.57401464724323,51.36355433760175,91.85173592469657
249,Daisy Belle,62.63534852533283,78.94307117581538,51.477786259373474
136,Ursula,65.66403659748279,59.1406273640947,62.54099039497112
304,Hope,65.32677335855762,76.7641190546159,38.6102430672202
238,Star,43.29847610147051,61.24319400557073,43.74397359810099
331,Ivy Belle,60.382358540724184,59.79949013525434,87.07919241392312
59,Eleanor,63.30198007578451,52.70359575554381,83.88839997417709
289,Rainbow,59.721029374767944,67.22837839979437,63.07053977352753
53,Daphne,55.20669160973721,50.67265047986124,58.52341324317557
191,Xanthe Mae,62.75220738862762,85.83780579421867,18.430176481509886
413,Misty Belle,60.65508849272743,53.88266559848828,43.444412548880564
394,Tulip Belle,59.77173963441618,47.56231334276903,46.99644908153687
141,Zelda Mae,79.72210014434353,56.31949490758477,87.25394864866774
201,Hera,47.4320767817746,64.17314542705405,50.31917041608622
275,Daisy May,70.86055643716077,73.01627532625106,36.64221923821166
120,Eloise,45.36730134512434,57.08697701796876,57.777984981208206
186,Sabrina,66.04091733594909,54.049897980802974,56.16262735447586
40,Violet,60.002495132509836,60.65955118760425,43.20772383101649
352,Daisy Mae,58.91023214008846,72.50756639406546,52.75976059746103
391,Quinn Belle,64.72734478514442,49.33977516835013,59.549453918712565
72,Nora,58.50633472879586,62.064337396074976,42.14626063965063
156,Octavia,65.13764410113939,43.4599905174466,59.49820912662032
139,Xiomara,66.46076832339352,42.548856554047006,100.0
29,Stella,62.34728713299688,59.24446724327561,77.16827856008821
19,Pumpkin,62.37047490068513,60.18788876578078,71.28135316156802
298,Bubbles,53.65823846897098,56.40726166481898,65.14729604646709
336,Nala Belle,54.11863680017844,65.78781977870491,49.966403303121105
232,Meadow,63.518082029714044,69.60294783356557,80.33564097704574
293,Whisper,59.57998899069129,60.13807332541572,80.85638045574863
57,Daisy Mae,55.40845571741083,71.86306237205164,58.528285781907265
149,Helena,57.68650839574729,48.852470525966716,76.33973358237382
150,Isadora,67.73094399550091,42.487702253940625,66.69281074927311
392,Rosalie May,68.4716966806643,63.191423066658686,100.0
76,Winifred,61.1353351100098,74.83563750738236,80.93631667739581
410,Jasmine May,60.39168783187797,60.63995893401751,77.78206115219615
58,Coco,64.6824299530433,68.93078913993737,61.67644245765291
220,Amethyst,72.52371277625153,50.49830234319857,73.02536624280881
140,Yolanda,63.86612014181229,76.4919472378557,44.09717925472032
300,Daisy Belle,59.233254641182675,55.83170298378319,100.0
197,Daphne Mae,65.46208369328222,59.2700228221257,94.54234477676545
218,Yvaine,60.70936083964563,66.90551369089027,84.31000082936953
229,Jasmine Mae,65.84779586264118,66.87499877991885,68.15093426404738
3,Buttercup,70.06248738810675,51.77771662804808,84.99274923222447
351,Candy,75.19481971535123,49.20361616679529,74.42555645829133
333,Karma Belle,51.641755093295316,64.7598704593278,54.434099157928024
251,Fawn,59.92188110815641,57.06943462728505,58.58965464723371
172,Elara,53.63288568478307,47.108003866587154,100.0
118,Camilla,69.81889802060527,61.69295709435837,71.23725420933042
204,Kira,72.56357425420643,72.47375900084526,47.03755901577599
