1,Mooey,59.33577356272369,60.1227302641673,62.90021199141762
2,Daisy,58.74222382046232,72.5030233641241,13.52894977654524
3,Buttercup,65.61200078252244,48.75351684122475,84.99274923222447
4,Bessie,53.78032078453376,62.06619809383456,65.83556781226909
5,Clarabelle,43.17381861625993,49.87567041828499,55.48211686657087
6,Clover,44.653619704693924,60.627608356278095,51.86477637845585
7,Holly,52.94053774343926,58.86587603816608,25.805711651208018
8,Rosie,65.50262099815586,62.008030485778534,60.83725175609225
9,Luna,60.79195964157039,59.0099697998969,0.0
10,Molly,57.31343493634716,43.65019067691671,8.581105505706333
11,Ginger,64.7505611455982,63.695880135261824,10.766411349424544
12,Matilda,60.5435837789895,75.31480542241293,82.42398093268879
13,Penelope,62.82439139467262,77.57880567608632,100.0
14,Fiona,59.9061623842113,74.0453521979835,62.433280941281716
15,Hazel,60.61192208645861,57.66923302582194,83.0274258777744
16,Freckles,78.69132349825807,68.64153004901739,35.369430223693115
17,Petal,69.7731756936395,63.62399325496294,100.0
18,Dottie,59.210450362626965,34.12634806022663,62.74886744314247
19,Pumpkin,60.69920992783062,69.86966443408042,71.28135316156802
20,Ruby,55.011590022102084,62.4298268062813,69.68823671458182
21,Willow,47.452947319826215,45.63053667040194,55.77480390178067
22,Clementine,70.38392572677105,77.67037982829696,54.39456457684616
23,Poppy,63.62297460936986,76.29784988739466,100.0
24,Jasmine,61.09488341373372,24.525245846253384,29.691852285351487
25,Lily,52.01279750367795,47.2466393070847,67.39631608750503
26,Bella,59.73593783906807,63.04649799646256,31.330844031317223
27,Lucy,48.29755605264112,42.88965128334746,22.37862459932193
28,Charlotte,65.90289143371785,61.29802638823008,38.726241568837295
29,Stella,59.41818992229728,63.359950317437324,77.16827856008821
30,Sadie,63.038095023770666,53.40976576778871,14.678608600970101
31,Lola,55.12673082879911,47.772216155849,33.427134761395976
32,Annie,59.91507938915428,87.48369506782456,22.738191203080763
33,Elsie,60.92823329322096,78.32847051367654,88.36175572652343
34,Millie,49.873084605126174,85.87479865188669,46.2008766368871
35,Pearl,57.219550436631025,47.63026093295291,34.254133574949975
36,Rosabelle,62.08358690258943,55.20727857402768,4.744572594701708
37,Winnie,44.14495020745591,58.170990356165305,1.3813068620934246
38,Beatrice,60.21521813316933,62.95586411664357,65.50010887472308
39,Phoebe,65.37551580590923,66.70130074606146,93.48674699317641
40,Violet,57.876078472287766,59.545656994256646,43.20772383101649
41,Maisie,63.85725755610698,67.25142873075792,74.70516656324033
42,Minnie,67.04096984786457,60.538830682483834,0.0
43,Olive,57.94585002562908,65.77618685505536,34.546375336127326
44,Georgia,60.68202700082157,54.18913838384847,100.0
45,Delilah,56.97585263268576,54.07258181435418,59.887233108014826
46,Honey,60.82724424559862,77.31107434125843,5.477288364812608
47,Marigold,71.58376747918363,42.18062819458321,67.40833981388917
48,Delia,68.97261717223168,68.46396999464454,13.824862151210986
49,Juniper,46.99353086798931,63.62177499774232,39.341617018442115
50,Martha,69.44411838114425,73.07268494052687,28.50151088703295
51,Greta,63.45393040651923,43.94444549686897,100.0
52,Tulip,63.96228491062883,73.17054061444458,2.009997239864056
53,Daphne,56.394494932249636,41.492119990956375,58.52341324317557
54,Fern,59.308844826312004,67.6588257091905,24.9690887382335
55,Opal,59.34357252079153,67.37310423514054,68.90968519657295
56,Betty,73.27240282531272,59.163495065601616,18.78572691868777
57,Daisy Mae,55.389912889628704,68.07780270737082,58.528285781907265
58,Coco,61.786631848278,74.50715975781202,61.67644245765291
59,Eleanor,60.243435524705454,39.42478049871942,83.88839997417709
60,Nellie,59.832065110925555,66.50879480612734,24.917832326585515
61,Zelda,46.95978610928987,88.3263331312396,47.11504523133881
62,Rosie Mae,58.36769688092179,52.71082890595112,72.02024036451519
63,Gertie,68.07438359867318,47.46609854553492,0.0
64,Flora,61.020121981559704,67.77720567397091,100.0
65,Gemma,65.34184631197559,31.39388384494039,41.358168167645324
66,Ada,60.96845208884842,55.99550169028561,26.47595633654711
67,Harriet,57.32168669031707,48.27344592059803,23.86478980938031
68,Mabel,40.719912387709904,83.4460288342156,28.639046178983996
69,Cora,64.31148211281149,75.09714739066165,5.721675567880197
70,Ida,59.48119880607172,56.021016722581656,66.91992448956634
71,Esther,59.42444416286048,78.07473026192245,9.616408691364825
72,Nora,59.313691314625366,57.259890768584285,42.14626063965063
73,Hattie,48.02282439499828,64.74518248377201,23.95723373524257
74,Willa,58.07002659876568,69.965347896802,52.45731274570316
75,Adelaide,75.267854027846,43.71007840031397,34.52114947546283
76,Winifred,59.02331509809661,76.80379635610241,80.93631667739581
77,Louise,60.06637034384328,68.21983722938441,17.305774433071598
78,Agnes,59.63471821617138,61.05848889479593,55.47399935075492
79,Bonnie,43.83847088459886,37.464030588614904,62.969411620993355
80,Edith,49.53528584268262,56.964153837358666,27.950803222197695
81,Imogene,54.2219434163341,40.629847584309815,16.87390728369757
82,Josephine,61.102711632538195,44.46334139956111,42.954418352005376
83,Lavender,60.55937513002355,67.55025982902026,70.3181508235252
84,Martha May,60.29135991854045,48.622183790080754,62.1395140440342
85,Ruth,59.9433241616195,53.520768883584836,41.67141222258546
86,Sylvia,59.1275292654492,71.55486960627377,43.49961150814799
87,Tilly,59.57793009459969,46.00845869020116,64.75540038248161
88,Tabitha,62.336067201876816,54.073343865653285,100.0
89,Henrietta,56.86416821406871,73.48285283961395,5.369201067481448
90,Lorraine,60.7149252462594,54.18126537971629,33.94115951652263
91,Maeve,46.77440645741177,78.87817230885868,31.03826692613989
92,Prudence,60.57670259664783,74.89508624126273,16.964836003282628
93,Sally Mae,57.90459501175314,57.89914360066851,59.02006784161211
94,Dolly,57.41145638395075,71.7736452820497,27.76148907866112
95,Gladys,57.7403045174673,69.84641682297011,51.15944957964427
96,Harper,58.96293524333535,64.15192280267638,59.00737407126234
97,Harmony,60.90776003819128,49.52806207121923,25.832220196136294
98,Iris,45.627555788722155,76.03701124411714,18.20419794023262
99,Juno,59.19841160879202,82.03394946522388,61.29993186726804
100,Kitty,62.698961446301745,62.13191152454715,97.79374802628925
101,Lacey,58.700094782406175,59.468740002827325,85.37359925655221
102,Magnolia,60.03119794040475,67.1104315129746,7.921143474914004
103,Nancy,58.20002593240034,66.88678626994108,65.84583171002089
104,Ophelia,59.41810697728816,76.63935587683699,48.99375351443238
105,Patsy,53.12977470392095,95.81452492692061,62.523800388958875
106,Queenie,57.29486781200678,73.51400229653507,85.81188736729314
107,Ramona,59.52568161510405,72.49507063893665,82.56157666971049
108,Sable,60.652540139234816,57.44342153685852,24.028749779808063
109,Thea,55.21754614019173,49.686315386422265,86.53163508648117
110,Una,52.06665337433849,71.91388029111008,91.95578198280276
111,Veronica,61.519689697248985,72.12919942502957,49.66613801050426
112,Wendy,58.994050335419146,61.57339195250694,73.77893511511023
113,Xanthe,67.31065131413322,56.54660488286331,31.53581355452371
114,Yvette,71.02646665043643,54.8615177082922,100.0
115,Zara,60.32610983892523,56.517890454107565,34.535249441990814
116,Abigail,45.13411405202653,34.03386505976663,75.59046550149935
117,Brigitte,54.802349267997414,61.686351700839026,43.94085861133597
118,Camilla,64.14658126730744,53.18428542197524,71.23725420933042
119,Dinah,46.15634419430796,51.124326375064925,57.0831509441794
120,Eloise,45.486870277640676,62.119677636363335,57.777984981208206
121,Frances,54.897307337090226,54.00660737039974,44.3811902292643
122,Genevieve,45.8014104965262,71.8313328507512,54.014256856812516
123,Hannah,58.74099449367527,71.02347915645495,31.42036942324798
124,Ingrid,61.214675314643586,53.08424092237884,100.0
125,Josephina,50.16002734591191,52.647170966073936,54.031203654485644
126,Katherine,66.2217767948301,61.09385134149919,21.868079816249026
127,Loretta,56.87048968305703,92.63344498736389,19.880901206900113
128,Miriam,59.612488730924454,45.05080059038777,39.740317769883426
129,Natalie,62.123751688064395,69.80428215133014,86.25910683365714
130,Odette,77.8339563932206,48.02081032068517,0.0
131,Penelope Mae,71.25033175346344,65.9951848231413,28.933718004613617
132,Quinn,62.213222589827666,88.28239002404614,84.23940177250341
133,Ramona Mae,63.97919917062263,57.537508093567865,47.22545831209767
134,Seraphina,57.0113905429742,52.11351685412157,37.460697623584096
135,Theodora,52.82680758722882,39.831749602737744,76.45981606398061
136,Ursula,59.81426361427317,58.5921815488987,62.54099039497112
137,Vivienne,61.17656400299733,49.88960533885855,40.71937867572966
138,Waverly,59.46862855317744,63.35567388280606,34.56253840356732
139,Xiomara,63.608672004981095,37.43032228528368,100.0
140,Yolanda,60.34318973967074,71.67617126230783,44.09717925472032
141,Zelda Mae,77.011242152593,66.67131128708273,87.25394864866774
142,Aurora,59.246699182707275,69.90384652993477,67.13559405579488
143,Bianca,48.95617278979074,57.65535531407512,35.8259926911321
144,Calista,62.34077973596742,56.00660981686987,21.93261941696714
145,Diana,65.0425032095299,37.23757742788558,33.34190354647399
146,Evangeline,57.780975803010634,55.77892973286092,71.0477725744291
147,Faye,70.46271727487057,60.39678326355196,0.0
148,Gwendolyn,52.85626374834216,58.90817851307338,62.763865043904985
149,Helena,55.670816304778434,50.47545852165996,76.33973358237382
150,Isadora,60.658312973235155,43.26801591672733,66.69281074927311
151,Juliana,59.910591910895334,71.29149125838886,45.21506791974581
152,Kiera,61.25393168257145,69.20476982980615,35.937992469871375
153,Lillian,50.474971823752725,52.35234047034641,50.01521986989301
154,Miranda,46.92674179463105,59.74274279922506,68.74326646130689
155,Nova,59.04138389801962,62.52718757360913,74.75974166519512
156,Octavia,61.22816068557584,55.822638427460134,59.49820912662032
157,Primrose,60.95853460943458,58.64532948266262,45.059270258595305
158,Quincy,59.711297101639566,47.77509042402162,46.49556087716784
159,Rosalie,55.86356691660804,75.89235383425785,20.898935320976243
160,Serena,39.297237431992976,54.66761103799888,93.73423125138618
161,Tallulah,59.826893822264495,45.434699210332035,94.24673690282782
162,Uma,59.07402866409095,61.65408205186715,60.039566322031334
163,Valentina,78.83061276040762,57.34459659034633,29.40240527106997
164,Winona,45.11463951957009,41.88031540516402,39.50909855234608
165,Xena,49.83268504822845,60.617534530807376,7.41370768225957
166,Yara,73.74512491753127,52.775924347640355,81.61806503634088
167,Zinnia,57.27775459142517,39.23556131922852,81.32026840070057
168,Athena,64.32366655049333,40.48461906398317,16.48477173283078
169,Brielle,85.37687429451557,71.17330586394127,3.385035494074316
170,Calliope,59.24126877621072,36.6316646844362,78.24874768844333
171,Dahlia,76.95444562114828,88.32964240159396,17.153754461222654
172,Elara,53.578334444327126,32.15657495153341,100.0
173,Felicity,60.43003471258588,66.38810186543066,40.98332148826616
174,Guinevere,59.67114531632896,40.274691615285,69.81785447053346
175,Hermione,71.1066817983022,80.50882825825035,78.76899887271583
176,Isolde,60.80901132675661,73.9189032372647,14.754022763006404
177,Jocelyn,61.110085856538284,42.406074032084156,23.408351652743086
178,Kaia,58.92772352764784,74.0398126689985,46.41912251740441
179,Lavender Mae,71.82657482456972,69.0715935858529,88.81613331216437
180,Margo,49.262436182535744,45.91215797707359,24.31661590355249
181,Nia,59.30136390424206,77.45766941700319,32.014312373863035
182,Olympia,51.81990019993457,62.22758226139831,45.04129195627968
183,Persephone,62.8273800284607,77.54036375487965,22.215255503030715
184,Quenby,56.61660443443213,48.591667498169336,46.82625898569183
185,Rhiannon,55.845296626310855,60.377935694578724,67.23599450376925
186,Sabrina,61.62264279993014,47.2148748657085,56.16262735447586
187,Thalia,51.685062291649295,59.767762999555046,46.209972283928956
188,Ursula Mae,60.10367623515564,48.55512718400511,1.4169724317606054
189,Vera,68.18724181988287,55.54801573841252,51.05602499834644
190,Winter,62.774624784788664,50.16542324523401,14.924230035103953
191,Xanthe Mae,58.80573393561655,94.60912531282516,18.430176481509886
192,Yara Mae,56.900495209896256,53.10862624634141,41.17768050664687
193,Zora,59.61248612795312,82.12583267289477,17.72984118298581
194,Amara,52.5087398004283,59.71386622000483,73.80678807548284
195,Bellatrix,55.10091825388128,80.73819334043857,27.086028146669253
196,Cassiopeia,59.81537264117429,65.41297552603329,75.49006273806116
197,Daphne Mae,60.47186787967932,62.89226625206969,94.54234477676545
198,Eowyn,65.9002295003625,63.66322419486552,33.753344564485104
199,Fiona Mae,50.30870479921775,52.50840086590599,55.02620663829805
200,Galadriel,59.02418310268886,51.029608388356394,77.08276367147224
201,Hera,46.896859769092735,45.56788662466657,50.31917041608622
202,Ivy,58.33878523766604,46.680438469886184,72.30880662309471
203,Jade,70.74975044531303,47.19513069389782,51.06688287935686
204,Kira,68.76213824691925,80.77804344793701,47.03755901577599
205,Luna Mae,72.36559624552022,69.30609990001105,78.40569668770323
206,Maeve Mae,61.90710472467742,36.385472813889564,34.61049046781984
207,Nyx,70.02949732970289,56.75998129944847,19.03778479137982
208,Ondine,76.94247044491048,69.04888433383827,100.0
209,Pandora,60.39677630159292,78.44673451941546,59.45635231930545
210,Quintessa,59.81664073776494,52.36406316846572,70.05771480782352
211,Raven,60.784100605758006,66.23635437185747,0.0
212,Stella Mae,58.82563830180907,70.13941791779689,0.0
213,Tara,61.0287159984468,67.28485307525361,78.19061911754267
214,Ursa,55.905189855115786,68.20728209601108,9.93529163521034
215,Vesper,65.20120462808626,47.338699505058855,0.0
216,Willow Mae,52.23985357100169,43.96072714562515,0.0
217,Xena Mae,65.2046032879086,67.34519174635936,19.70146529511383
218,Yvaine,60.93835095707696,62.96757383455703,84.31000082936953
219,Zephyr,78.52759272557006,61.565240004356745,33.41197235602148
220,Amethyst,68.74517851117349,44.96055760913066,73.02536624280881
221,Belle,63.734145992130635,50.74210163050989,66.95338159083224
222,Celestia,33.08820795448039,56.96388241158745,67.47862863190866
223,Dahlia Mae,78.02566936542746,66.87173671138734,11.52322953465346
224,Elara Mae,57.1262644421107,78.22848474458327,69.60176582284927
225,Fern Mae,60.69554772879251,63.91037284760715,41.09097666912308
226,Gypsy,61.08743190084639,72.17876545062475,86.24318177382722
227,Holly Mae,79.43321796209938,41.96451465786419,38.376739168508
228,Iris Mae,59.20838876172249,38.97157489240601,64.18035659020902
229,Jasmine Mae,60.94943217523133,71.22759414163556,68.15093426404738
230,Kismet,61.43407845865782,52.88324432362699,99.06315715984539
231,Luna Belle,70.8815157663405,72.92482324534443,3.8812457744695905
232,Meadow,62.159932877032226,66.73278658001863,80.33564097704574
233,Nova Mae,69.08275241866853,66.14079512264897,0.0
234,Olive Mae,60.29245226071852,51.66394984508602,17.05893551177852
235,Petal Mae,53.34005178879821,56.95637354544509,50.59313505325972
236,Quartz,60.40026938315198,80.86696818012985,0.0
237,Raina,61.42610102028903,63.539702620421906,31.03886781510989
238,Star,43.196572483672846,65.31027554529818,43.74397359810099
239,Tulip Mae,61.140052966058704,87.00651907673172,88.50945447616668
240,Una Mae,63.34064249586546,54.40486321711005,0.0
241,Violet Mae,54.92302758042091,69.52066435994809,83.19078492969925
242,Willow Belle,64.64860018784512,82.43015819081731,18.83247961057288
243,Xanthe Belle,53.84593324083645,54.46312806782978,40.75104133755657
244,Yara Belle,60.12331418982422,57.1319272691366,21.309581602815385
245,Zara Mae,60.15575558076122,61.69678874392137,0.0
246,Amelia,61.44894787707602,51.31649657887885,51.064332055366144
247,Blossom,59.44247924374582,51.17102285201675,81.38329008170857
248,Cinnamon,64.70459574800626,38.90888909375302,0.0
249,Daisy Belle,61.161322738342385,84.43075673712849,51.477786259373474
250,Ember,49.792950470750974,61.9235573859503,73.96190964377153
251,Fawn,59.07130464076603,70.90608238454888,58.58965464723371
252,Ginger Mae,66.90788481729264,51.92681509496674,20.00415306278976
253,Harmony Mae,58.9122075291825,66.8433429902188,48.715729223308855
254,Ivy Mae,68.16404670892608,74.74440523066174,64.35836122310374
255,Juniper Mae,66.3456438643574,45.62191924931591,0.0
256,Kaleidoscope,43.13542915611504,47.89604625974389,59.20861935349502
257,Lavender Belle,60.454035770704074,71.87788909337706,15.618533889861986
258,Meadow Mae,60.64443362844637,39.78370181033682,46.29540999299665
259,Nala,41.56162486675405,82.05155622696485,46.34167829929327
260,Olive Belle,61.266391066641,34.25778511970666,15.485333211369912
261,Peaches,60.716367992900864,65.92706664766156,6.556204035016549
262,Quinn Mae,77.44095763444204,60.805498611042225,19.78591231230141
263,Raindrop,66.33346442880718,56.817345029124894,52.83656055695951
264,Starlight,39.36658410936946,80.1001045657513,60.33637488396256
265,Twilight,58.454343172659904,43.56421891576534,44.50802778887333
266,Unity,61.79001545665461,57.37359505665115,0.0
267,Violet Belle,58.905228866201696,68.77502516598368,83.52461069033635
268,Winnie Belle,57.89497831496922,81.17206161182851,33.88653112230915
269,Xena Belle,61.470250002683024,69.47802065378737,100.0
270,Yara Belle,65.2294576857061,48.162166592785816,46.96844052241869
271,Zara Belle,56.268683732876845,67.54506146153346,52.48133991718692
272,Amber,60.000708774598486,57.786782407595375,61.25863738923675
273,Bluebell,61.10616284724669,46.36639886470088,42.899831224959705
274,Cocoa,63.53124098142001,64.78008973759202,84.72801685475343
275,Daisy May,65.49733698781925,65.61400084389723,36.64221923821166
276,Echo,42.980721727328444,73.30602689976051,20.743299494994925
277,Fern Belle,60.4205627787106,67.42175520358357,21.493692509974903
278,Ginger Belle,72.23917236318918,76.63363372128174,76.94190767875007
279,Hazel Mae,61.318772914963326,69.15675792123925,69.46244013225625
280,Iris Belle,60.50496217214619,34.637069291178996,42.32588377270336
281,Jasmine Belle,60.986814006299326,46.95189921642309,99.43826208035486
282,Karma,65.33473266360916,56.46514419048667,32.60952815841711
283,Lily Belle,83.16169305514715,46.68875556043504,33.59568354204245
284,Maple,65.93437817548677,82.4964107563278,93.49596965419619
285,Nutmeg,60.75785430634585,52.4178759868072,38.82989067697795
286,Oreo,59.71950924376264,56.59171964561246,87.19711100544703
287,Pepper,61.83726766634888,58.63186965855632,28.306458343693116
288,Quinn Belle,56.32097904756307,47.52510987380221,3.147774877120497
289,Rainbow,60.35678294492176,68.94200022065483,63.07053977352753
290,Sunflower,61.65406239504944,79.95227173937404,25.575503882813127
291,Twinkle,72.93046962097172,67.21984951112093,100.0
292,Violet May,69.46171266690565,47.21193286906791,23.548194121686763
293,Whisper,60.61723278826583,50.976681818980495,80.85638045574863
294,Xena May,61.1271381224854,85.4536672964904,19.302116184787142
295,Yara May,56.45071647502105,47.66290996123804,82.50003901686537
296,Zara May,60.77845315104152,60.86787726916473,14.432529818277473
297,Angel,70.23770331623668,23.79106089163663,7.771587973016459
298,Bubbles,51.79904793355407,38.395059263946045,65.14729604646709
299,Coco Belle,67.59499951341974,51.63637341464073,0.0
300,Daisy Belle,59.990136111334955,58.218628294430594,100.0
301,Ember Belle,61.681003973780605,44.42850762248512,25.147697336230507
302,Flower,58.4159487094564,69.78857682466358,38.10144918003114
303,Grace,60.5912741677151,46.26877033829321,56.20330623245677
304,Hope,59.98492682126412,67.88364677479652,38.6102430672202
305,Ivy Belle,59.22020586754152,36.40072980750252,84.29091128174394
306,Juno Belle,60.866509744900526,72.88762137354374,100.0
307,Kalea,81.3687591833146,44.20168584061867,21.822855938501707
308,Lily May,61.968218090128104,59.060625571330995,100.0
309,Misty,60.494212457485816,74.03189908718473,25.037989182272845
310,Nova Belle,60.4306566637401,74.50059663629563,73.69677834658361
311,Orchid,59.187880594663014,81.74797044044134,24.16235889112957
312,Pebbles,58.91783060334865,61.68340957786015,66.4355955105053
313,Queen,44.48838794302953,88.08827852218215,50.20795771193847
314,Rose,65.07039190122812,51.75387477879226,40.47138124964739
315,Sky,78.61469682591388,68.00464158381212,26.390064946713814
316,Trixie,55.14137267141188,53.69553832021886,61.59851206549226
317,Utopia,58.96850475433765,59.293951008827406,62.73102323906643
318,Violet Belle,59.52455424185936,55.44698031905506,17.390075351307573
319,Winnie May,56.8363276835211,68.81191430694875,56.841696987854235
320,Xena Belle,50.37407168217926,69.64430335259995,68.33565059190789
321,Yara Belle,43.689883600032786,61.65437544223249,59.61092524687037
322,Zara Belle,62.10350914834696,63.224561919134075,6.598876689954899
323,Apple,56.864425045208264,64.41237885332298,18.92668971664962
324,Buttercup Belle,60.66399801873105,48.89704685028879,49.300251287929015
325,Cinnamon Belle,61.74077378854084,79.79268237873993,42.662839940714186
326,Daisy Belle,57.943906813445906,70.90308405928573,71.16582932709801
327,Ember Belle,58.62414082548907,64.26800885991078,71.9302137439784
328,Faith,63.111164125489026,38.0046334485445,66.22478681736968
329,Gloria,59.0942477822932,56.5082029809311,80.04798167201045
330,Heaven,60.135480159312166,76.04300839491873,65.36485530721502
331,Ivy Belle,60.647081815151076,53.40117656174071,87.07919241392312
332,Joy,61.305236454911906,42.95891252205057,11.614157629266245
333,Karma Belle,50.33694392401286,53.71899483530203,54.434099157928024
334,Lily Belle,49.58423283179242,61.196930695839455,22.843629417852917
335,Meadow Belle,60.3861693242059,68.49031255825963,19.47523582724499
336,Nala Belle,55.32372418305544,56.40026794464691,49.966403303121105
337,Ocean,59.34033090000194,42.34018604695817,32.075803377257884
338,Peaches Belle,59.876239273435964,55.75702894487845,45.95590135962522
339,Quinn Belle,58.489812669164415,69.23627512535151,58.3443966010704
340,Ruby Belle,59.204350317278546,36.91494344002478,54.72755380525175
341,Sapphire,65.01516734264344,56.65090540041373,100.0
342,Tigerlily,56.94924595975906,37.293586150826314,18.878101698181
343,Unity Belle,60.62284466356209,66.10513347535009,15.36187343500719
344,Violet Belle,60.3641381834002,33.42078678250533,24.486632464815237
345,Willow May,47.79127671828536,56.66347578713611,34.83927764157668
346,Xena Belle,68.47751140306931,47.85385842714519,91.85173592469657
347,Yara May,70.4333788369161,99.587482041016,32.07053580691137
348,Zara May,62.10606050001608,77.33006970305216,55.771206651915946
349,April,59.81037125012101,49.31630767643809,32.71759918431782
350,Bella Belle,69.57186190933515,74.3594714290793,76.7772766172232
351,Candy,70.8309266292719,56.80508018435175,74.42555645829133
352,Daisy Mae,59.14325201489306,74.4903183617397,52.75976059746103
353,Ember Mae,62.76185654011798,60.31718407960941,100.0
354,Felicity Belle,41.2163102726216,46.9387057381164,55.41818738776739
355,Giselle,66.3739633472495,48.499050571699925,0.0
356,Heidi,60.68680385998075,45.67104757618631,0.6766694672996536
357,Isabelle,60.89845186796259,62.17185338305169,67.62296658551571
358,Jasmine May,61.25343093157289,86.69105063757524,4.255439917767674
359,Kara,62.52635297582122,54.90364121762257,100.0
360,Lavender Belle,78.33944142182101,76.82500223931969,100.0
361,Mia,55.651273388486594,59.73379319995529,36.48849661155864
362,Nora Belle,56.1719484538797,79.09379350660572,40.498148130339096
363,Olivia,62.17032644241092,59.715043119085955,87.82839956076917
364,Paisley,59.833333375279494,67.33782369479339,33.806393195396375
365,Quinn Belle,59.55263682860569,55.25910014092335,3.791541369162779
366,Rosalie Belle,73.88555907714836,35.288201735051416,93.41409512175214
367,Samantha,60.76057844323374,71.0385177160562,25.95943300139085
368,Tilly Belle,56.41823020424211,65.9482320810219,40.158636494605034
369,Uma Belle,63.1844191920429,68.40235515495947,72.5910935693526
370,Violet Belle,62.4923599327628,54.296794322806484,25.342202352669247
371,Willa Belle,67.37251147760847,49.06962234170533,41.55773205838507
372,Xena May,47.67015196048321,52.91925052972464,73.37820915990186
373,Yara Belle,64.96757162985193,51.42962724985565,0.0
374,Zara Belle,60.40973170929483,69.13357176264788,78.53555805338056
375,Acorn,60.20796837338126,56.59129711436253,36.53211232538775
376,Bella May,40.86495939211533,55.34737044222512,47.799958689618705
377,Caramel,89.87976377996435,64.91713040523001,25.05239339858086
378,Daisy Belle,61.03521536146943,82.00859899045797,80.42382997193312
379,Ember Belle,48.18389395732962,73.78938810931967,24.639262701125016
380,Fern May,66.38679638013899,50.0699863017027,59.45129867788923
381,Grace Belle,68.05314263274092,57.28110024138398,46.46916687817712
382,Heather,52.72673946335972,73.54790918311656,62.12512525672577
383,Ivy May,62.75508670752894,61.45333343979243,74.00557285283818
384,Jasmine Belle,52.924667096902034,51.68656415986051,50.625622569234515
385,Katie,54.65382864572581,59.190104913800056,44.741786867929505
386,Lavender May,60.9462979912471,27.90464847351312,100.0
387,Mila,59.91213845183629,96.58670934605934,25.74279224472561
388,Nutmeg Belle,63.33394635863173,82.9266069649829,22.95690277417993
389,Olive May,46.09495523890144,43.1918015321304,29.567240893017406
390,Peaches May,59.147477734500455,61.702362908378205,29.520965294895742
391,Quinn Belle,59.84141591414118,31.700163697550146,59.549453918712565
392,Rosalie May,65.69976285556677,58.13660518312557,100.0
393,Scarlett,73.13763989885504,47.10231059778424,8.844825410406465
394,Tulip Belle,60.987289997342806,30.31506213186713,46.99644908153687
395,Ursula Belle,55.313145386067085,54.00422507829083,71.41447896866025
396,Violet Belle,60.3695686005565,38.381473755698,35.171432034743646
397,Willow Belle,51.41726255633453,45.103142719323664,11.607689919523786
398,Xena Belle,59.481947783943355,61.83101027861328,51.80758664108431
399,Yara May,63.75747771843213,77.85937260535127,13.82461071959603
400,Zara Belle,46.80467051136043,63.85184004270865,53.10304243145749
401,Aria,61.330997259244896,38.65503035694103,29.97545317023558
402,Bella Belle,77.72603394455707,51.804086362401335,19.48989101302382
403,Cassie,59.81634605174839,36.366237975588255,48.735372461738535
404,Daisy Mae,62.099783191776886,70.29514776524269,80.82726400095856
405,Ember Mae,61.04390446376243,34.83595392413781,19.147446298770948
406,Fiona Belle,68.85680258766932,62.67077152802347,43.529214416016046
407,Gloria Belle,67.98559018671953,55.23047732279741,4.960921172618185
408,Heaven Belle,61.07668041907558,48.103912307368596,27.277996043903663
409,Isabella,59.73097223417658,64.57545254020859,61.68529227270035
410,Jasmine May,59.395874072869255,62.16026483633294,77.78206115219615
411,Kitty Belle,61.26657018554966,52.5742583797026,86.31479617908425
412,Lavender Belle,56.98828711527881,37.392200624002335,69.6838186607624
413,Misty Belle,59.06922950186192,64.04722067627543,43.444412548880564
414,Nala Belle,57.860129775702106,28.77142273090399,56.127973476320406
415,Olive Belle,65.40330334761065,62.48461429954388,0.0
416,Pansy,60.736239318690174,92.11577528342353,48.14920359261788
417,Quinn Belle,62.09268537776419,58.06711537711085,40.83631528008176
418,Rosalie Belle,60.76411709078023,89.66383941891205,59.39709289252882
419,Sienna,60.59711793496361,59.39964754903996,0.0
420,Tulip May,55.028163636488785,69.11730184464066,43.43426081930175
