1,Mooey,58.61878211551852,51.51324672637804,62.90021199141762
2,Daisy,59.968270762514244,92.07372892050542,13.52894977654524
3,Buttercup,60.23293287426027,35.751277868891144,84.99274923222447
4,Bessie,57.60377160708562,41.26180459369064,65.83556781226909
5,Clarabelle,48.83458513623603,40.79558939109785,55.48211686657087
6,Clover,46.017676290292286,78.81383346369654,51.86477637845585
7,Holly,59.58405371886461,51.53424001089222,25.805711651208018
8,Rosie,59.9300590594602,22.147582302679666,60.83725175609225
9,Luna,61.23094153586317,47.473616577318396,0.0
10,Molly,61.591537327603604,26.268447054655645,8.581105505706333
11,Ginger,61.61421128651174,51.42656882597845,10.766411349424544
12,Matilda,60.94029449253935,87.59966133105323,82.42398093268879
13,Penelope,65.1322775693211,67.78199269041455,100.0
14,Fiona,60.80835718109465,94.26490442750452,62.433280941281716
15,Hazel,59.69218833200834,66.2270894882405,83.0274258777744
16,Freckles,64.6024837454443,70.58384723568116,35.369430223693115
17,Petal,67.69693811273993,67.94207749354045,100.0
18,Dottie,57.98954319158881,43.75263918244451,62.74886744314247
19,Pumpkin,59.42794474451205,70.01989969585648,71.28135316156802
20,Ruby,58.94151983082054,61.808082540779566,69.68823671458182
21,Willow,54.67696918873406,38.75534907814287,55.77480390178067
22,Clementine,62.86189148155854,55.255921746157036,54.39456457684616
23,Poppy,65.73432832956497,82.8672655795958,100.0
24,Jasmine,60.50876906477432,11.595827657817601,29.691852285351487
25,Lily,56.715719699216784,28.73027904427397,67.39631608750503
26,Bella,59.805836964377875,61.28083143505962,31.330844031317223
27,Lucy,57.41722574895522,49.72105491599845,22.37862459932193
28,Charlotte,58.85402969811486,71.63527194431111,38.726241568837295
29,Stella,60.22684958654512,21.590188191580584,77.16827856008821
30,Sadie,60.86536512955336,56.65293816000238,14.678608600970101
31,Lola,60.3209631783501,42.148837429245354,33.427134761395976
32,Annie,59.38538931880629,84.20686950311772,22.738191203080763
33,Elsie,60.68719379726586,72.58170929451907,88.36175572652343
34,Millie,56.02663289703826,62.40188707664133,46.2008766368871
35,Pearl,59.417782801606855,52.19916884892292,34.254133574949975
36,Rosabelle,60.0049067334282,64.43881188710841,4.744572594701708
37,Winnie,53.1891510145693,89.78975201138117,1.3813068620934246
38,Beatrice,58.09302950121304,53.64468779888762,65.50010887472308
39,Phoebe,68.06075990171749,67.56243294612977,93.48674699317641
40,Violet,60.640743898755765,69.33679669736732,43.20772383101649
41,Maisie,65.35923204997584,82.36256111656645,74.70516656324033
42,Minnie,61.1499827643186,63.98075954560537,0.0
43,Olive,59.16566596511935,54.36139041869934,34.546375336127326
44,Georgia,64.91626428173814,66.4244121364665,100.0
45,Delilah,56.799921977739494,31.595610464962945,59.887233108014826
46,Honey,59.00127461189321,72.7761577009568,5.477288364812608
47,Marigold,60.74712827859122,36.96926616172266,67.40833981388917
48,Delia,63.16604735283713,69.64967178103657,13.824862151210986
49,Juniper,46.102806141619006,62.06975830515125,39.341617018442115
50,Martha,59.509348403263076,82.46046227891338,28.50151088703295
51,Greta,60.141953832999576,43.58326473089972,100.0
52,Tulip,60.48004909071717,77.4107867132065,2.009997239864056
53,Daphne,59.19033164680513,37.126668262732636,58.52341324317557
54,Fern,59.398060856925795,86.82099546630879,24.9690887382335
55,Opal,61.683344230591196,74.62263026523554,68.90968519657295
56,Betty,62.80629020868516,70.30548472116364,18.78572691868777
57,Daisy Mae,60.34139374453568,98.34907652212686,58.528285781907265
58,Coco,59.4746482073804,85.07894774657805,61.67644245765291
59,Eleanor,59.086800440228735,66.2659302653403,83.88839997417709
60,Nellie,60.82464362771665,51.92656613294232,24.917832326585515
61,Zelda,48.6263214327925,91.9656679990565,47.11504523133881
62,Rosie Mae,59.5106890151429,39.64548966216782,72.02024036451519
63,Gertie,63.66287396603314,26.78635953582882,0.0
64,Flora,66.2025664283332,83.03358907925534,100.0
65,Gemma,59.768898016119586,47.69316397263221,41.358168167645324
66,Ada,60.32278088221562,62.31606527145603,26.47595633654711
67,Harriet,60.52824488775344,37.604112034908155,23.86478980938031
68,Mabel,39.473223681259185,73.87339242263052,28.639046178983996
69,Cora,59.92862079171726,69.03492698771512,5.721675567880197
70,Ida,57.508536308935426,79.17439285438623,66.91992448956634
71,Esther,61.061277372810515,80.89399029143742,9.616408691364825
72,Nora,59.31102711484538,55.668189094257635,42.14626063965063
73,Hattie,54.60754164273444,63.563720924205356,23.95723373524257
74,Willa,60.20188956312035,64.63850456265025,52.45731274570316
75,Adelaide,72.7494688264564,46.26625811834443,34.52114947546283
76,Winifred,60.25688301796757,61.57395245476121,80.93631667739581
77,Louise,59.7490116128771,52.18111529675302,17.305774433071598
78,Agnes,57.31826633708791,44.938377353496506,55.47399935075492
79,Bonnie,45.83518130577686,3.7734000218826713,62.969411620993355
80,Edith,59.30476035382344,36.70531787001245,27.950803222197695
81,Imogene,59.89973413173988,36.928014228965495,16.87390728369757
82,Josephine,59.826135955483124,37.394822562868356,42.954418352005376
83,Lavender,60.27419801370919,52.09098295133344,70.3181508235252
84,Martha May,60.07872612518691,28.803179964641778,62.1395140440342
85,Ruth,59.23218167321878,45.542107113953435,41.67141222258546
86,Sylvia,61.00671416358274,45.09037324448538,43.49961150814799
87,Tilly,58.40814385217332,63.60859883133328,64.75540038248161
88,Tabitha,63.45402229074016,63.471434352163456,100.0
89,Henrietta,59.5686754714027,75.56055798608025,5.369201067481448
90,Lorraine,59.29290276579318,39.42398515624452,33.94115951652263
91,Maeve,46.09653632518988,83.43151019953903,31.03826692613989
92,Prudence,59.58551013866353,70.81691100456503,16.964836003282628
93,Sally Mae,57.77894997501278,50.99759466299608,59.02006784161211
94,Dolly,57.684337240516136,97.72992869136644,27.76148907866112
95,Gladys,59.767985269000185,58.11754733094867,51.15944957964427
96,Harper,58.989148785749826,78.6776661542162,59.00737407126234
97,Harmony,59.52033427749602,67.62783360533741,25.832220196136294
98,Iris,48.58757230060488,83.74290502220157,18.20419794023262
99,Juno,58.840991528704876,66.31993516045168,61.29993186726804
100,Kitty,61.70944999915754,56.4333031020477,97.79374802628925
101,Lacey,60.20756916227373,55.806276318604255,85.37359925655221
102,Magnolia,60.857889593520994,61.192962225346854,7.921143474914004
103,Nancy,59.93992601805171,59.93883289348397,65.84583171002089
104,Ophelia,58.694367150086826,82.64098919495402,48.99375351443238
105,Patsy,60.99723839956799,95.79999318259766,62.523800388958875
106,Queenie,60.65259012029492,84.07889748882617,85.81188736729314
107,Ramona,58.20401521570822,55.00298501821699,82.56157666971049
108,Sable,60.19021501223046,65.40028498464085,24.028749779808063
109,Thea,58.61997951106395,51.849016048163186,86.53163508648117
110,Una,62.12778997515146,78.14272161049621,91.95578198280276
111,Veronica,60.38555955947399,74.94671644434965,49.66613801050426
112,Wendy,59.76226795533826,42.434160753782265,73.77893511511023
113,Xanthe,60.81437603795827,52.810346528765606,31.53581355452371
114,Yvette,65.25799163993759,63.571235316455635,100.0
115,Zara,59.81735635300711,58.92338124476122,34.535249441990814
116,Abigail,47.28691184325684,46.39279365567201,75.59046550149935
117,Brigitte,55.78682038943347,69.45045810199576,43.94085861133597
118,Camilla,57.84414519118551,38.00104419324916,71.23725420933042
119,Dinah,49.374232315723084,57.86588936151141,57.0831509441794
120,Eloise,45.28073325429528,76.47616628771337,57.777984981208206
121,Frances,58.59088141579431,75.12835240022956,44.3811902292643
122,Genevieve,45.53101180878714,48.95818026443745,54.014256856812516
123,Hannah,59.343799173835045,69.85752262039611,31.42036942324798
124,Ingrid,61.65293218081367,55.651667076421056,100.0
125,Josephina,53.243148262813996,57.801871082916435,54.031203654485644
126,Katherine,62.487050698999454,37.432983541939784,21.868079816249026
127,Loretta,58.44539868608212,82.05120918606875,19.880901206900113
128,Miriam,59.102221383707395,65.16950245049205,39.740317769883426
129,Natalie,61.93714768496663,73.52896533999828,86.25910683365714
130,Odette,73.34769809575887,60.96870899057444,0.0
131,Penelope Mae,64.1084507495967,100,28.933718004613617
132,Quinn,67.52786158451389,93.39367333234392,84.23940177250341
133,Ramona Mae,60.375815971829866,75.36975873363298,47.22545831209767
134,Seraphina,59.97721245050894,49.234880709773705,37.460697623584096
135,Theodora,52.03311144083786,48.95445760922753,76.45981606398061
136,Ursula,57.062345272441746,40.75559249745289,62.54099039497112
137,Vivienne,58.107452173662764,65.81100116143251,40.71937867572966
138,Waverly,60.44013242471413,100,34.56253840356732
139,Xiomara,60.68424989829411,23.600669425376164,100.0
140,Yolanda,59.95935398631427,75.16732973800652,44.09717925472032
141,Zelda Mae,72.3099724492035,62.155538674059585,87.25394864866774
142,Aurora,58.600377969893316,42.57156887419845,67.13559405579488
143,Bianca,53.405903852855495,71.46595512146448,35.8259926911321
144,Calista,60.47873481825118,63.246669996647825,21.93261941696714
145,Diana,64.06673663720669,30.363273943629864,33.34190354647399
146,Evangeline,57.952178275633095,61.57667171680523,71.0477725744291
147,Faye,67.26687190329149,38.14195132996644,0.0
148,Gwendolyn,56.634315909751514,61.91071572429912,62.763865043904985
149,Helena,57.129064165799925,47.01673659110739,76.33973358237382
150,Isadora,59.07684278906157,35.57046412233669,66.69281074927311
151,Juliana,58.44559280851739,63.12893503465745,45.21506791974581
152,Kiera,60.70056975637128,79.29192525886766,35.937992469871375
153,Lillian,53.438749356733574,51.42296889893824,50.01521986989301
154,Miranda,51.738140557811946,2.7146411569243187,68.74326646130689
155,Nova,60.89735986813164,52.19605373860999,74.75974166519512
156,Octavia,60.13132453308429,54.674495709635295,59.49820912662032
157,Primrose,58.407457817711446,71.6695318099663,45.059270258595305
158,Quincy,59.98043141328943,53.150214246145325,46.49556087716784
159,Rosalie,59.661424124201986,87.51448379846272,20.898935320976243
160,Serena,57.79406687937994,52.72912334682437,93.73423125138618
161,Tallulah,61.5053164394542,35.482497767437984,94.24673690282782
162,Uma,59.59590787901241,62.072556887750174,60.039566322031334
163,Valentina,73.97413568028604,41.52373158165816,29.40240527106997
164,Winona,52.582850043445156,48.09663631209376,39.50909855234608
165,Xena,60.53977222675984,27.53433722086155,7.41370768225957
166,Yara,66.1366239078789,37.514407912657816,81.61806503634088
167,Zinnia,59.114447272404405,33.9256671333413,81.32026840070057
168,Athena,62.473968306253596,31.171168422488638,16.48477173283078
169,Brielle,81.7193600936013,74.05642856544927,3.385035494074316
170,Calliope,59.086713417785134,59.58628448615555,78.24874768844333
171,Dahlia,67.45680253963144,72.24954678241544,17.153754461222654
172,Elara,54.89317511138974,15.813065310958363,100.0
173,Felicity,58.81866928990062,57.80718146072177,40.98332148826616
174,Guinevere,58.43137812316721,46.44942157001355,69.81785447053346
175,Hermione,66.73781167379688,87.6276160568266,78.76899887271583
176,Isolde,59.47469397390746,65.37672129748796,14.754022763006404
177,Jocelyn,60.071831089126256,38.04788667086557,23.408351652743086
178,Kaia,60.29406360474917,67.49690599938482,46.41912251740441
179,Lavender Mae,65.37108606289645,63.8721493406377,88.81613331216437
180,Margo,60.178164333123775,8.73424484764955,24.31661590355249
181,Nia,59.19251841443888,69.38692109620422,32.014312373863035
182,Olympia,59.986484892379764,99.82772811391658,45.04129195627968
183,Persephone,61.13132982370494,72.44111648076404,22.215255503030715
184,Quenby,59.34956695365495,53.16238813063891,46.82625898569183
185,Rhiannon,58.50664568987258,63.574940458040615,67.23599450376925
186,Sabrina,57.8405732192998,49.214948290784214,56.16262735447586
187,Thalia,59.49372536141934,50.141081491307126,46.209972283928956
188,Ursula Mae,61.19808309714904,78.29590951730162,1.4169724317606054
189,Vera,60.51547017270272,46.77796366699098,51.05602499834644
190,Winter,60.49947002992373,38.76710114886737,14.924230035103953
191,Xanthe Mae,60.12194910967747,91.28228776649352,18.430176481509886
192,Yara Mae,59.22293414795499,55.62922150631854,41.17768050664687
193,Zora,60.3946598014936,98.88754596732744,17.72984118298581
194,Amara,55.877493675820574,45.48435426122754,73.80678807548284
195,Bellatrix,58.5475290976712,79.35254417439667,27.086028146669253
196,Cassiopeia,61.16879769956752,62.7989136993267,75.49006273806116
197,Daphne Mae,58.674824070744606,46.23513179141583,94.54234477676545
198,Eowyn,60.123702801769596,61.317949471805605,33.753344564485104
199,Fiona Mae,49.53814995114217,68.34873197245335,55.02620663829805
200,Galadriel,58.260888285987214,41.49550856014021,77.08276367147224
201,Hera,53.00892871046716,34.77675546431249,50.31917041608622
202,Ivy,57.53437412400547,37.05814384842314,72.30880662309471
203,Jade,62.901651584149654,49.86648615443444,51.06688287935686
204,Kira,58.284085125206346,74.38059020272964,47.03755901577599
205,Luna Mae,66.21216608657856,57.75320940298434,78.40569668770323
206,Maeve Mae,59.229588144892084,32.914601525346555,34.61049046781984
207,Nyx,64.96085217510812,86.10996844155333,19.03778479137982
208,Ondine,72.0854027022175,50.74492876748252,100.0
209,Pandora,60.34156478043391,86.53072963627146,59.45635231930545
210,Quintessa,59.71686891296326,50.939970273090466,70.05771480782352
211,Raven,60.57945202158339,60.17615839697863,0.0
212,Stella Mae,59.57335792771568,76.46204892898314,0.0
213,Tara,59.287460954212214,19.35432335689273,78.19061911754267
214,Ursa,60.22634862860739,55.80904373939608,9.93529163521034
215,Vesper,62.042319187287745,36.63162658278727,0.0
216,Willow Mae,59.93910222124373,47.91546395318929,0.0
217,Xena Mae,61.5840110758638,59.2858918263237,19.70146529511383
218,Yvaine,59.80559362172022,45.78499279026377,84.31000082936953
219,Zephyr,69.28451381085044,43.5276366614862,33.41197235602148
220,Amethyst,63.227377513005294,45.26403031064348,73.02536624280881
221,Belle,60.179100853604155,58.73986113077369,66.95338159083224
222,Celestia,41.724561328225526,80.01481846220496,67.47862863190866
223,Dahlia Mae,70.46935094162733,74.5145543071867,11.52322953465346
224,Elara Mae,64.25642751285609,92.16954681444781,69.60176582284927
225,Fern Mae,58.570540917751536,48.67159876808926,41.09097666912308
226,Gypsy,63.50997466898931,81.56721927246154,86.24318177382722
227,Holly Mae,75.15241658247858,28.183195541729283,38.376739168508
228,Iris Mae,57.90236555032697,67.46589120763248,64.18035659020902
229,Jasmine Mae,59.86505074689479,74.68458682836275,68.15093426404738
230,Kismet,61.58395532695549,70.72183788124623,99.06315715984539
231,Luna Belle,64.08427896364172,77.79443908982213,3.8812457744695905
232,Meadow,60.07567588908431,54.57465594074699,80.33564097704574
233,Nova Mae,66.43393088994456,71.83642455586828,0.0
234,Olive Mae,60.655835941014736,58.5575180817961,17.05893551177852
235,Petal Mae,56.20595167562528,67.65933068232646,50.59313505325972
236,Quartz,59.95364378974646,78.70500322272298,0.0
237,Raina,60.5809916763586,58.176095688436234,31.03886781510989
238,Star,45.906636802490574,68.08868907984427,43.74397359810099
239,Tulip Mae,65.83513589689677,90.69253637392434,88.50945447616668
240,Una Mae,62.080584716538056,64.37581792036625,0.0
241,Violet Mae,61.45114582930553,84.33032370076249,83.19078492969925
242,Willow Belle,59.60602187912532,83.99040297416012,18.83247961057288
243,Xanthe Belle,60.62737839204067,44.780691298940944,40.75104133755657
244,Yara Belle,60.32196266172457,67.69085410506602,21.309581602815385
245,Zara Mae,59.594661092640344,76.39447484005831,0.0
246,Amelia,60.16632775990467,62.83504950994214,51.064332055366144
247,Blossom,59.27939383103005,66.27731376554702,81.38329008170857
248,Cinnamon,62.87368335461413,35.149689701863444,0.0
249,Daisy Belle,60.37984058068924,81.47762388398806,51.477786259373474
250,Ember,57.63633382045789,74.11894792266062,73.96190964377153
251,Fawn,58.8412477863026,78.66418753466031,58.58965464723371
252,Ginger Mae,62.211382785047576,42.99180725309947,20.00415306278976
253,Harmony Mae,59.538858939573544,89.59379051289775,48.715729223308855
254,Ivy Mae,59.759763970167306,59.472241523429076,64.35836122310374
255,Juniper Mae,64.01456429675709,40.42373170578682,0.0
256,Kaleidoscope,45.26649067104657,65.49124550321116,59.20861935349502
257,Lavender Belle,58.45422317195908,67.34745860056627,15.618533889861986
258,Meadow Mae,60.726492300463335,33.642871282323924,46.29540999299665
259,Nala,44.006354054886806,95.41062329954414,46.34167829929327
260,Olive Belle,60.128615702490706,51.14976624794667,15.485333211369912
261,Peaches,60.376225895283284,49.58368964242611,6.556204035016549
262,Quinn Mae,73.44427935375896,70.85603323547936,19.78591231230141
263,Raindrop,60.33382928838287,42.18020701746598,52.83656055695951
264,Starlight,42.64569929367612,90.90234628058707,60.33637488396256
265,Twilight,59.482171846266866,29.71804277585235,44.50802778887333
266,Unity,60.06422260140193,31.358324744550067,0.0
267,Violet Belle,61.300292601706744,77.06674925794756,83.52461069033635
268,Winnie Belle,57.38186124390358,92.61919570674557,33.88653112230915
269,Xena Belle,61.20296823007701,60.85057912031375,100.0
270,Yara Belle,60.581869688660575,83.1849167375328,46.96844052241869
271,Zara Belle,57.41577307554388,40.47996513009146,52.48133991718692
272,Amber,60.776428646200216,75.92001234092001,61.25863738923675
273,Bluebell,59.07759327486459,49.68228174632417,42.899831224959705
274,Cocoa,60.72277575818182,66.56600041462552,84.72801685475343
275,Daisy May,59.68870782537695,49.17435303657554,36.64221923821166
276,Echo,48.007383396135374,76.08495944280813,20.743299494994925
277,Fern Belle,58.44011044996702,89.31185227060668,21.493692509974903
278,Ginger Belle,73.02518679454646,99.9181486926845,76.94190767875007
279,Hazel Mae,58.882927107836295,33.17971627752013,69.46244013225625
280,Iris Belle,59.118012804223376,53.56738645492862,42.32588377270336
281,Jasmine Belle,60.08837173699936,28.474758116316266,99.43826208035486
282,Karma,60.197774735620236,49.03704198816835,32.60952815841711
283,Lily Belle,80.23513087165179,32.441908913627216,33.59568354204245
284,Maple,69.18904880599223,97.50404308443913,93.49596965419619
285,Nutmeg,59.22233587691316,58.60347816776711,38.82989067697795
286,Oreo,61.97053238812189,57.806485207877614,87.19711100544703
287,Pepper,60.610343520247774,47.7168388201826,28.306458343693116
288,Quinn Belle,60.660878619937236,43.31261670023074,3.147774877120497
289,Rainbow,61.56683718378547,95.67518746579427,63.07053977352753
290,Sunflower,58.04304544461525,85.73583404231962,25.575503882813127
291,Twinkle,73.4464447652526,78.99427250342674,100.0
292,Violet May,68.41162295897638,38.93586307702196,23.548194121686763
293,Whisper,58.57960216785595,40.17728957262908,80.85638045574863
294,Xena May,58.40208883999933,96.17355140643224,19.302116184787142
295,Yara May,58.73371832848637,41.45762880082097,82.50003901686537
296,Zara May,58.96795784264698,42.23209713458827,14.432529818277473
297,Angel,64.93311028308058,21.304559361770156,7.771587973016459
298,Bubbles,58.370518461951626,28.352792428389918,65.14729604646709
299,Coco Belle,66.09067857135587,57.12002569810895,0.0
300,Daisy Belle,58.64181381673203,62.261961164847314,100.0
301,Ember Belle,60.15672668445043,47.192855111896165,25.147697336230507
302,Flower,59.88818560453132,65.39829222149405,38.10144918003114
303,Grace,59.57622693653651,61.61177094554457,56.20330623245677
304,Hope,59.8598372748995,84.79051000187198,38.6102430672202
305,Ivy Belle,60.18190222313755,51.75214228791028,84.29091128174394
306,Juno Belle,61.73713161686358,64.885547669597,100.0
307,Kalea,78.29438608899623,33.98509634933459,21.822855938501707
308,Lily May,64.2661191916727,85.82414141503176,100.0
309,Misty,61.144948178756955,49.56716823152371,25.037989182272845
310,Nova Belle,59.10674671633146,78.70615008768098,73.69677834658361
311,Orchid,59.83943353750618,88.21063919013233,24.16235889112957
312,Pebbles,59.46828912105243,67.25734865393646,66.4355955105053
313,Queen,52.13049209593118,100,50.20795771193847
314,Rose,59.25799364651065,68.86743513438346,40.47138124964739
315,Sky,66.324766307286,90.26152795952314,26.390064946713814
316,Trixie,58.05379485447154,62.670408995219525,61.59851206549226
317,Utopia,59.020460767412864,47.646518078237825,62.73102323906643
318,Violet Belle,59.89087897322579,93.20566765559961,17.390075351307573
319,Winnie May,60.51658420584239,83.26927011677606,56.841696987854235
320,Xena Belle,62.55574605013781,82.17630738844647,68.33565059190789
321,Yara Belle,46.738203134352865,77.05784611415585,59.61092524687037
322,Zara Belle,59.73998793458876,58.241584586303595,6.598876689954899
323,Apple,60.73570084742317,73.61908376900325,18.92668971664962
324,Buttercup Belle,59.60232805517161,32.8109645777053,49.300251287929015
325,Cinnamon Belle,60.46970834361894,82.73908523873189,42.662839940714186
326,Daisy Belle,60.74246284976376,70.77628088515297,71.16582932709801
327,Ember Belle,57.843946468742196,57.376373268392044,71.9302137439784
328,Faith,58.11734081685634,30.1518047619005,66.22478681736968
329,Gloria,58.70547590595415,43.39563421642643,80.04798167201045
330,Heaven,59.12659481269576,45.51812846421226,65.36485530721502
331,Ivy Belle,60.59573093939103,60.77509404636104,87.07919241392312
332,Joy,58.88425991759799,35.498165485903485,11.614157629266245
333,Karma Belle,55.880341259359334,55.53403706888399,54.434099157928024
334,Lily Belle,60.547131217011604,27.90367603422817,22.843629417852917
335,Meadow Belle,60.49417720645087,63.48488177794998,19.47523582724499
336,Nala Belle,57.10130403519742,55.95414694663479,49.966403303121105
337,Ocean,60.2477433833843,43.81876470090008,32.075803377257884
338,Peaches Belle,61.06148011229946,43.02474816909283,45.95590135962522
339,Quinn Belle,60.552233463351044,89.26906605235112,58.3443966010704
340,Ruby Belle,59.48089731181784,28.075082374773253,54.72755380525175
341,Sapphire,63.35853784794196,25.791677951257803,100.0
342,Tigerlily,59.69332690837051,47.106227753612934,18.878101698181
343,Unity Belle,60.343515790504405,53.33713792001753,15.36187343500719
344,Violet Belle,60.836013461127045,7.228782464288585,24.486632464815237
345,Willow May,54.06113258697127,51.56041983866979,34.83927764157668
346,Xena Belle,60.067436978907004,57.38191979620994,91.85173592469657
347,Yara May,59.67674458504927,95.51480264517325,32.07053580691137
348,Zara May,62.27411356019478,98.23380974240004,55.771206651915946
349,April,61.26026499152767,49.107189014275015,32.71759918431782
350,Bella Belle,66.17656463354383,90.54592870344842,76.7772766172232
351,Candy,64.13546213914874,71.52120326236219,74.42555645829133
352,Daisy Mae,60.97129391173379,99.454024703041,52.75976059746103
353,Ember Mae,59.492849564768946,50.518409608877874,100.0
354,Felicity Belle,45.980467053061474,56.170881381215594,55.41818738776739
355,Giselle,65.82465162998238,42.280057203854476,0.0
356,Heidi,60.59951459053352,34.63921872188208,0.6766694672996536
357,Isabelle,60.97357190174915,78.03800963709821,67.62296658551571
358,Jasmine May,59.22659390422156,95.93704569901327,4.255439917767674
359,Kara,60.815473762137145,40.9847287595849,100.0
360,Lavender Belle,78.97394078084086,72.70848766537387,100.0
361,Mia,60.3709540281748,61.63676470279184,36.48849661155864
362,Nora Belle,59.844037221670305,82.45139945181919,40.498148130339096
363,Olivia,60.529942921038675,57.207021104750865,87.82839956076917
364,Paisley,59.03134004504372,74.42483893320346,33.806393195396375
365,Quinn Belle,60.30542463536069,73.46249595748554,3.791541369162779
366,Rosalie Belle,66.59122273489454,15.386332608266724,93.41409512175214
367,Samantha,59.312239370436515,71.67594321659256,25.95943300139085
368,Tilly Belle,57.357705228859956,42.77733652514638,40.158636494605034
369,Uma Belle,61.768862179110194,87.24688541602563,72.5910935693526
370,Violet Belle,59.66448049512833,48.44087633851865,25.342202352669247
371,Willa Belle,59.3070646726127,74.66181051545351,41.55773205838507
372,Xena May,49.10996461948495,49.01356786939321,73.37820915990186
373,Yara Belle,63.46478216523747,65.52503341112444,0.0
374,Zara Belle,61.548743392982935,65.72022115651184,78.53555805338056
375,Acorn,59.14609006981396,35.60580305800871,36.53211232538775
376,Bella May,43.76637183305727,55.328128870078366,47.799958689618705
377,Caramel,82.70877670605705,89.9928897674129,25.05239339858086
378,Daisy Belle,63.0854163111306,79.75818952362988,80.42382997193312
379,Ember Belle,49.75944977185643,70.95011375974988,24.639262701125016
380,Fern May,61.34343648986715,37.59320562034307,59.45129867788923
381,Grace Belle,62.03629607784895,49.8377831089832,46.46916687817712
382,Heather,61.39786049117945,83.3182061450302,62.12512525672577
383,Ivy May,62.746029541755746,78.84077375070909,74.00557285283818
384,Jasmine Belle,59.77236766475563,45.44838684333969,50.625622569234515
385,Katie,58.97356233058207,46.204767585408696,44.741786867929505
386,Lavender May,61.4010385001169,39.26157852281417,100.0
387,Mila,58.15089038514027,87.3262083698115,25.74279224472561
388,Nutmeg Belle,58.98189505206828,79.83171274680788,22.95690277417993
389,Olive May,49.30704577628873,55.7841531112411,29.567240893017406
390,Peaches May,59.23303114872212,70.64283209238143,29.520965294895742
391,Quinn Belle,59.9986625835527,10.14643395780459,59.549453918712565
392,Rosalie May,59.41259610842363,53.434326315719034,100.0
393,Scarlett,72.7324753888382,45.512601842400144,8.844825410406465
394,Tulip Belle,59.6777198269147,8.23439368046941,46.99644908153687
395,Ursula Belle,56.48677013258798,35.189350072179145,71.41447896866025
396,Violet Belle,60.632457633804606,34.64263893435423,35.171432034743646
397,Willow Belle,60.30229803102127,51.41050184817668,11.607689919523786
398,Xena Belle,61.20443685181704,77.55624293795336,51.80758664108431
399,Yara May,59.07579928527794,80.66047324621167,13.82461071959603
400,Zara Belle,55.529344258579016,41.24145326783068,53.10304243145749
401,Aria,59.31294782229979,79.40359989343665,29.97545317023558
402,Bella Belle,73.86575759344564,28.06054011218687,19.48989101302382
403,Cassie,59.297215271009804,29.299634564802194,48.735372461738535
404,Daisy Mae,65.50079429975976,93.28484789861794,80.82726400095856
405,Ember Mae,61.295082254827676,37.71886915739674,19.147446298770948
406,Fiona Belle,61.60755607457793,81.76236366000114,43.529214416016046
407,Gloria Belle,65.82483287379273,62.34209778447724,4.960921172618185
408,Heaven Belle,60.96918546054457,42.074601665476536,27.277996043903663
409,Isabella,60.275365710057514,83.19111759616071,61.68529227270035
410,Jasmine May,59.772045136421916,55.426958039738864,77.78206115219615
411,Kitty Belle,60.345573930116906,8.518142026965322,86.31479617908425
412,Lavender Belle,59.64687771691179,31.282019896594832,69.6838186607624
413,Misty Belle,59.320828338776415,85.2427728236544,43.444412548880564
414,Nala Belle,59.56273782212907,13.5605058052829,56.127973476320406
415,Olive Belle,60.19901388717395,57.844639880165104,0.0
416,Pansy,62.35523610789723,100,48.14920359261788
417,Quinn Belle,60.341543435471735,37.30447588262354,40.83631528008176
418,Rosalie Belle,60.61076236224984,97.45401896703106,59.39709289252882
419,Sienna,61.35602026701128,29.221949880356366,0.0
420,Tulip May,56.190993274258716,60.789311563083935,43.43426081930175
