1,Mooey,57.76690064924934,49.02171576038737,62.90021199141762
2,Daisy,58.143943645834,96.5418335079004,13.52894977654524
3,Buttercup,59.954254839181296,38.51590597124977,84.99274923222447
4,Bessie,57.69324734915419,46.04119047221144,65.83556781226909
5,Clarabelle,54.2889410740531,29.9966423544755,55.48211686657087
6,Clover,50.88200863326652,89.78395297426175,51.86477637845585
7,Holly,59.56646334753971,53.14277496204035,25.805711651208018
8,Rosie,60.89635063397583,27.305283613495114,60.83725175609225
9,Luna,59.65051781475657,33.89498022055134,0.0
10,Molly,59.11797677386299,19.041799686864614,8.581105505706333
11,Ginger,61.363743653756295,45.514017683079175,10.766411349424544
12,Matilda,61.08301376219207,87.13833278245264,82.42398093268879
13,Penelope,63.729311071689274,46.51926150422691,100.0
14,Fiona,59.1285742894617,98.14642323692814,62.433280941281716
15,Hazel,60.4273117134396,84.03020555867518,83.0274258777744
16,Freckles,60.210604871999884,49.930550740925995,35.369430223693115
17,Petal,65.6625678072088,52.32143977005828,100.0
18,Dottie,59.0570683580254,59.126343503345716,62.74886744314247
19,Pumpkin,59.24616595889335,59.20440795535236,71.28135316156802
20,Ruby,59.35361871549427,44.47039428289841,69.68823671458182
21,Willow,55.32964966259941,45.87035619828923,55.77480390178067
22,Clementine,59.685725388003476,40.77065617628949,54.39456457684616
23,Poppy,70.53027209230767,74.50971437881849,100.0
24,Jasmine,61.747644828012206,7.192186002244854,29.691852285351487
25,Lily,57.05874757363149,37.405693071591344,67.39631608750503
26,Bella,59.98542646065503,60.10786709758705,31.330844031317223
27,Lucy,60.08837540171165,57.036793793977594,22.37862459932193
28,Charlotte,58.534195300910135,83.89985587083163,38.726241568837295
29,Stella,60.29553515668497,23.438161079309626,77.16827856008821
30,Sadie,59.655423256885705,43.32782482705704,14.678608600970101
31,Lola,60.671663690104246,45.83609622371523,33.427134761395976
32,Annie,59.618276347020824,63.15400042025355,22.738191203080763
33,Elsie,61.52581597144642,63.55804406595144,88.36175572652343
34,Millie,58.48484598059189,66.31707395893878,46.2008766368871
35,Pearl,58.60777793820681,77.8828428816637,34.254133574949975
36,Rosabelle,59.67632228394051,81.95332801243494,4.744572594701708
37,Winnie,59.56743835918192,92.71330068613662,1.3813068620934246
38,Beatrice,60.0035495963384,75.44563191046745,65.50010887472308
39,Phoebe,69.2215830262426,70.8739060493198,93.48674699317641
40,Violet,59.03386021244807,73.43354826947662,43.20772383101649
41,Maisie,64.01350839222526,72.25550427831273,74.70516656324033
42,Minnie,60.35603065279194,77.7487985173108,0.0
43,Olive,60.277173745021486,44.77149196881885,34.546375336127326
44,Georgia,62.13786169081885,72.70580762377593,100.0
45,Delilah,60.37907860740848,30.857554083436533,59.887233108014826
46,Honey,60.21292556083029,62.29569741024553,5.477288364812608
47,Marigold,58.539376421450264,41.18306530804267,67.40833981388917
48,Delia,61.43004459614868,55.48719203542819,13.824862151210986
49,Juniper,52.19711734666471,47.32821472102208,39.341617018442115
50,Martha,58.648353340570274,96.97517472378104,28.50151088703295
51,Greta,61.12948139518135,35.42996099994739,100.0
52,Tulip,59.90773908846893,93.16542872990782,2.009997239864056
53,Daphne,61.166539387778975,32.522874670263256,58.52341324317557
54,Fern,59.27472115132807,92.66376365653362,24.9690887382335
55,Opal,59.10878855008025,85.46144165047687,68.90968519657295
56,Betty,60.786226675048376,74.2111518232411,18.78572691868777
57,Daisy Mae,59.167416784162015,75.01002602878498,58.528285781907265
58,Coco,59.40511509128407,63.97060648233507,61.67644245765291
59,Eleanor,62.06804682414619,84.56192664050548,83.88839997417709
60,Nellie,59.5245712925182,78.24477709081125,24.917832326585515
61,Zelda,55.04660951439549,88.4291778208877,47.11504523133881
62,Rosie Mae,58.954867885067074,46.32071587320472,72.02024036451519
63,Gertie,62.65097660254541,30.026786245597215,0.0
64,Flora,71.32349029591039,96.85604001789989,100.0
65,Gemma,59.422037428968075,48.68567751748837,41.358168167645324
66,Ada,59.61839107867529,53.25013037118326,26.47595633654711
67,Harriet,59.470167777498986,54.626740566777876,23.86478980938031
68,Mabel,45.64903476598133,52.9524524980818,28.639046178983996
69,Cora,60.35352757846044,72.6622724597282,5.721675567880197
70,Ida,58.47055845624042,60.75019023058485,66.91992448956634
71,Esther,59.633864759787045,77.71357493350702,9.616408691364825
72,Nora,59.524288979717284,50.89418021996049,42.14626063965063
73,Hattie,59.84157750299005,70.86815370576997,23.95723373524257
74,Willa,60.06014480263523,83.73276233707558,52.45731274570316
75,Adelaide,70.12765860901007,27.921822416062515,34.52114947546283
76,Winifred,58.11472056574142,66.9864877446846,80.93631667739581
77,Louise,61.211278839494724,39.129844894749866,17.305774433071598
78,Agnes,59.2608220553945,44.93549162635465,55.47399935075492
79,Bonnie,47.39305434978038,2.03799322378777,62.969411620993355
80,Edith,60.56104174297666,49.58076683842509,27.950803222197695
81,Imogene,60.89495738177556,38.98032073859976,16.87390728369757
82,Josephine,60.68679705886678,32.46212933095092,42.954418352005376
83,Lavender,57.819933410041045,60.46148518159458,70.3181508235252
84,Martha May,61.3769925270753,26.16130960751562,62.1395140440342
85,Ruth,61.2131052154216,23.37496361075685,41.67141222258546
86,Sylvia,59.316540742922484,47.91757543750769,43.49961150814799
87,Tilly,59.07875376839452,62.18338101261246,64.75540038248161
88,Tabitha,61.50170674733793,43.824797458998866,100.0
89,Henrietta,60.30352766720737,68.00351390347876,5.369201067481448
90,Lorraine,60.37376314336717,33.93410478080953,33.94115951652263
91,Maeve,46.31251952309014,87.51760913787527,31.03826692613989
92,Prudence,59.46657589227997,80.27332942226992,16.964836003282628
93,Sally Mae,58.97167784360396,36.802627589517996,59.02006784161211
94,Dolly,59.32393268127431,92.7138583849876,27.76148907866112
95,Gladys,59.68753692332996,50.18831897148392,51.15944957964427
96,Harper,58.41737767983327,64.83297035383218,59.00737407126234
97,Harmony,60.37141476100553,44.55445399249386,25.832220196136294
98,Iris,48.400691723210876,98.8567253489948,18.20419794023262
99,Juno,59.1081548348104,59.242099523334716,61.29993186726804
100,Kitty,64.6365716263633,58.40032072353718,97.79374802628925
101,Lacey,58.83933334755641,51.932458645459356,85.37359925655221
102,Magnolia,59.54830991317492,60.48117361186592,7.921143474914004
103,Nancy,59.794052421501995,50.871823824433854,65.84583171002089
104,Ophelia,59.42639876196099,93.35169906341034,48.99375351443238
105,Patsy,59.98100102232244,97.20304784057998,62.523800388958875
106,Queenie,62.16296120204199,100,85.81188736729314
107,Ramona,59.507363574093795,36.898397018895096,82.56157666971049
108,Sable,59.560933419245465,62.192439485578106,24.028749779808063
109,Thea,59.072777588553535,30.826612214880754,86.53163508648117
110,Una,59.60229193513254,52.12479697293703,91.95578198280276
111,Veronica,60.07040869002379,98.55717313174739,49.66613801050426
112,Wendy,58.26543430951455,40.42955465705705,73.77893511511023
113,Xanthe,60.002112572224235,65.24149943093592,31.53581355452371
114,Yvette,66.99407700551727,72.83153316349957,100.0
115,Zara,60.234546289000455,45.845913125826655,34.535249441990814
116,Abigail,51.47882226332053,51.7828967377113,75.59046550149935
117,Brigitte,58.866529390860194,84.83595303371273,43.94085861133597
118,Camilla,59.10507783428917,27.441025387503217,71.23725420933042
119,Dinah,51.792021535738904,59.09186643099393,57.0831509441794
120,Eloise,52.024953264381665,84.46968764275559,57.777984981208206
121,Frances,59.33874582502244,82.9703389521829,44.3811902292643
122,Genevieve,50.973872837080066,38.54347137402256,54.014256856812516
123,Hannah,60.19633215955909,73.43144702725778,31.42036942324798
124,Ingrid,63.530485765036964,47.05311342885375,100.0
125,Josephina,53.09727813977201,53.46157090417246,54.031203654485644
126,Katherine,59.557068209129696,33.740879947888175,21.868079816249026
127,Loretta,60.69027163922297,53.925476525229655,19.880901206900113
128,Miriam,58.527817462153216,79.76024887045045,39.740317769883426
129,Natalie,60.73987696782254,66.6313086679068,86.25910683365714
130,Odette,69.69085565270393,41.833656270977194,0.0
131,Penelope Mae,57.663977499242236,100,28.933718004613617
132,Quinn,66.18033179358585,84.6656233440698,84.23940177250341
133,Ramona Mae,59.47040239418311,65.60610136651587,47.22545831209767
134,Seraphina,60.27050993221549,37.57688043648919,37.460697623584096
135,Theodora,51.69891233483792,38.36351253703341,76.45981606398061
136,Ursula,57.96413286205398,60.327408986571385,62.54099039497112
137,Vivienne,60.02690681359806,31.851624941475162,40.71937867572966
138,Waverly,58.0489589604542,84.13900686618682,34.56253840356732
139,Xiomara,59.316072976540575,26.217404141352418,100.0
140,Yolanda,60.01046814840007,55.96152074402966,44.09717925472032
141,Zelda Mae,68.8520607558222,70.1231952156656,87.25394864866774
142,Aurora,57.90129117311024,57.858651357854626,67.13559405579488
143,Bianca,52.85906845288965,78.1843340145576,35.8259926911321
144,Calista,59.37988309842042,59.60774163967085,21.93261941696714
145,Diana,62.56027702211655,11.96568854226721,33.34190354647399
146,Evangeline,60.43807429315792,56.59510953007651,71.0477725744291
147,Faye,67.82193895024623,33.975711062013204,0.0
148,Gwendolyn,59.752150479478054,66.09310878018003,62.763865043904985
149,Helena,57.892375577434855,24.444515351528775,76.33973358237382
150,Isadora,60.11952849218192,38.030179512653056,66.69281074927311
151,Juliana,58.504675581242516,87.67459956104273,45.21506791974581
152,Kiera,61.142274441971715,94.94454789222934,35.937992469871375
153,Lillian,54.92852678698458,68.92912015657899,50.01521986989301
154,Miranda,59.05872045004821,9.41119785935723,68.74326646130689
155,Nova,59.72387535820182,72.92005675333267,74.75974166519512
156,Octavia,58.952072285186865,59.527810571133514,59.49820912662032
157,Primrose,60.41511729246259,75.02787521757121,45.059270258595305
158,Quincy,61.82657521652075,48.08527491846838,46.49556087716784
159,Rosalie,60.057572383963006,83.4988618274785,20.898935320976243
160,Serena,60.63004031123837,31.20324145461077,93.73423125138618
161,Tallulah,62.250916645685464,63.253004168788586,94.24673690282782
162,Uma,59.24669295303631,56.38636597480518,60.039566322031334
163,Valentina,67.95675738778785,71.46656914089394,29.40240527106997
164,Winona,51.09939366074698,36.001174537090634,39.50909855234608
165,Xena,61.70302919437076,18.549520307613697,7.41370768225957
166,Yara,59.13119136886069,50.67979726835569,81.61806503634088
167,Zinnia,58.174819504991255,49.94893360775819,81.32026840070057
168,Athena,59.401806065119665,13.976552069002777,16.48477173283078
169,Brielle,79.85548170137352,52.434763940595296,3.385035494074316
170,Calliope,60.968438654644935,68.54569861988016,78.24874768844333
171,Dahlia,58.979015151714975,77.85626798463781,17.153754461222654
172,Elara,56.513349570826925,4.267661026776588,100.0
173,Felicity,59.15334943087514,42.70721686711768,40.98332148826616
174,Guinevere,59.22427457485478,44.792539121939804,69.81785447053346
175,Hermione,59.165145112469816,58.37357172653477,78.76899887271583
176,Isolde,59.68257261705504,42.24512515392097,14.754022763006404
177,Jocelyn,60.310414932375124,25.708551290221997,23.408351652743086
178,Kaia,57.862833883018915,71.0577572203561,46.41912251740441
179,Lavender Mae,61.85697954743478,78.34651390522673,88.81613331216437
180,Margo,62.964098557278014,0.09188276801491213,24.31661590355249
181,Nia,59.1711177127237,72.7499295042311,32.014312373863035
182,Olympia,60.72841139692675,86.34498937818009,45.04129195627968
183,Persephone,59.79587320215614,69.7107082664548,22.215255503030715
184,Quenby,59.61951696205904,30.910818097929976,46.82625898569183
185,Rhiannon,59.167256256494646,78.88099468378796,67.23599450376925
186,Sabrina,58.61296260840713,37.80564490684291,56.16262735447586
187,Thalia,61.27982026505737,26.089328447210416,46.209972283928956
188,Ursula Mae,58.91809192496599,79.3715157851906,1.4169724317606054
189,Vera,60.489892162471854,38.059655413888045,51.05602499834644
190,Winter,59.81653086323138,52.2528840769952,14.924230035103953
191,Xanthe Mae,59.381708368459556,82.14056022639434,18.430176481509886
192,Yara Mae,60.796445018550905,26.446307794573702,41.17768050664687
193,Zora,58.58060294880466,89.31287209670533,17.72984118298581
194,Amara,55.474092129084966,33.68948564386854,73.80678807548284
195,Bellatrix,58.205221329087564,82.19567469098834,27.086028146669253
196,Cassiopeia,59.170439003957014,74.6712424781885,75.49006273806116
197,Daphne Mae,60.78505684031773,60.65922412670452,94.54234477676545
198,Eowyn,59.6838349867153,69.56204565804349,33.753344564485104
199,Fiona Mae,55.42322466144201,94.00599348781365,55.02620663829805
200,Galadriel,59.665428039780544,28.41988697739085,77.08276367147224
201,Hera,59.57165933454738,46.31946539576421,50.31917041608622
202,Ivy,59.03083994070859,29.93246359041545,72.30880662309471
203,Jade,59.534369367512994,61.376200614357366,51.06688287935686
204,Kira,56.02661984013941,64.75373441739876,47.03755901577599
205,Luna Mae,60.32163205718216,52.44487581948605,78.40569668770323
206,Maeve Mae,60.53510686704878,20.801136897614892,34.61049046781984
207,Nyx,59.08976230488907,74.02180994747806,19.03778479137982
208,Ondine,72.90968133468462,75.09314855425599,100.0
209,Pandora,60.69254723833588,84.47333318877455,59.45635231930545
210,Quintessa,60.49503264638102,51.55292555104194,70.05771480782352
211,Raven,61.711950341221744,52.94084317625834,0.0
212,Stella Mae,60.75132467392478,64.2103432546647,0.0
213,Tara,59.0143125037726,33.42659053781511,78.19061911754267
214,Ursa,60.0577702242764,40.002706535625954,9.93529163521034
215,Vesper,59.86697581356482,46.59357484467582,0.0
216,Willow Mae,60.47759105495599,27.949811274517987,0.0
217,Xena Mae,59.66862280730177,57.293006530913125,19.70146529511383
218,Yvaine,58.55465891561717,15.264061639736509,84.31000082936953
219,Zephyr,64.40280950613827,57.46051389696675,33.41197235602148
220,Amethyst,59.27926121904943,39.739954601415896,73.02536624280881
221,Belle,59.866393882687035,70.09607369815025,66.95338159083224
222,Celestia,50.84358170728502,93.44715065164272,67.47862863190866
223,Dahlia Mae,66.31082456639082,64.97372468586858,11.52322953465346
224,Elara Mae,67.28764029999455,100,69.60176582284927
225,Fern Mae,59.04375430035663,50.35984018875234,41.09097666912308
226,Gypsy,65.19321852356508,94.070306893765,86.24318177382722
227,Holly Mae,72.42212096341254,66.23860877321653,38.376739168508
228,Iris Mae,60.39257513109673,57.17597767214789,64.18035659020902
229,Jasmine Mae,60.356868058460805,60.49537875982816,68.15093426404738
230,Kismet,65.71724001194934,78.92255118259173,99.06315715984539
231,Luna Belle,60.37892318050246,56.75767376414827,3.8812457744695905
232,Meadow,58.769476267323384,69.2749927475078,80.33564097704574
233,Nova Mae,64.14559590644406,73.24141759368304,0.0
234,Olive Mae,61.23592407332691,75.72968845976666,17.05893551177852
235,Petal Mae,58.79273261239365,66.17903364307493,50.59313505325972
236,Quartz,60.98600084619859,80.12727541785218,0.0
237,Raina,60.54158668803213,49.61585205650961,31.03886781510989
238,Star,45.91477634049319,55.75400944872455,43.74397359810099
239,Tulip Mae,66.13169762887021,89.40963230206916,88.50945447616668
240,Una Mae,61.18268253877155,73.60389346628507,0.0
241,Violet Mae,60.01752602711032,80.09151087517203,83.19078492969925
242,Willow Belle,60.613650528222394,73.8593403386785,18.83247961057288
243,Xanthe Belle,59.57803339398704,37.475302390029185,40.75104133755657
244,Yara Belle,59.671705369676516,57.97558147661539,21.309581602815385
245,Zara Mae,60.76712796407349,80.7772395341815,0.0
246,Amelia,58.067198800174175,63.139714944115106,51.064332055366144
247,Blossom,61.296851258362025,97.72775607343544,81.38329008170857
248,Cinnamon,65.46950120310757,41.92909388098479,0.0
249,Daisy Belle,59.879007038716665,80.88227767882286,51.477786259373474
250,Ember,60.25863012041974,75.3091279312874,73.96190964377153
251,Fawn,59.56612122716638,87.34628634453696,58.58965464723371
252,Ginger Mae,59.70732249891444,53.642172454131966,20.00415306278976
253,Harmony Mae,59.26392906201116,97.48037497862421,48.715729223308855
254,Ivy Mae,59.63255914302131,52.010565003062695,64.35836122310374
255,Juniper Mae,61.07208284013628,24.027630840356068,0.0
256,Kaleidoscope,45.47820075307366,80.20065846813262,59.20861935349502
257,Lavender Belle,59.28947452387323,81.49265523660826,15.618533889861986
258,Meadow Mae,59.44846799187512,43.956291017269116,46.29540999299665
259,Nala,47.91098446467771,92.11651806880901,46.34167829929327
260,Olive Belle,60.59974772488955,33.769200930761606,15.485333211369912
261,Peaches,59.132732984382294,65.79999637128091,6.556204035016549
262,Quinn Mae,63.486028380437645,65.82529484488002,19.78591231230141
263,Raindrop,59.366322438899765,63.46408971500321,52.83656055695951
264,Starlight,55.61440662007014,96.7330165887496,60.33637488396256
265,Twilight,61.063485482718924,44.20894217331991,44.50802778887333
266,Unity,60.83935163508461,22.51122300852345,0.0
267,Violet Belle,62.31733537145335,93.72538924137888,83.52461069033635
268,Winnie Belle,55.818428436293175,92.064707034461,33.88653112230915
269,Xena Belle,60.27842486048595,46.62669190224602,100.0
270,Yara Belle,59.08620660998485,78.93908140199542,46.96844052241869
271,Zara Belle,60.10724746383995,51.743902647658224,52.48133991718692
272,Amber,59.11180105188793,80.08696104137834,61.25863738923675
273,Bluebell,58.97216091455523,37.85457310217827,42.899831224959705
274,Cocoa,58.65653419955924,64.72081194283852,84.72801685475343
275,Daisy May,60.36723667018748,23.03973247162014,36.64221923821166
276,Echo,49.76863501140142,81.13556675874521,20.743299494994925
277,Fern Belle,59.662178373111814,93.93475374287604,21.493692509974903
278,Ginger Belle,70.16922714994197,100,76.94190767875007
279,Hazel Mae,59.38988467389529,38.4011474740597,69.46244013225625
280,Iris Belle,60.56998426752459,47.56985225547876,42.32588377270336
281,Jasmine Belle,59.18185940471026,36.8460283467696,99.43826208035486
282,Karma,60.99048177149281,66.69716697882089,32.60952815841711
283,Lily Belle,76.50241078018746,29.68713715180591,33.59568354204245
284,Maple,72.48397690334984,96.98641452855789,93.49596965419619
285,Nutmeg,60.96954805682938,36.553376652552814,38.82989067697795
286,Oreo,60.497965189173016,48.747223980944284,87.19711100544703
287,Pepper,59.55347530161559,60.75288208673702,28.306458343693116
288,Quinn Belle,60.15385064371417,50.74228245845002,3.147774877120497
289,Rainbow,61.43150397084903,93.34172558821135,63.07053977352753
290,Sunflower,58.749162427317124,65.99305048915726,25.575503882813127
291,Twinkle,73.09169274131823,71.10771174234586,100.0
292,Violet May,65.92353852439103,37.83721126131698,23.548194121686763
293,Whisper,59.19118373476507,40.8833775292282,80.85638045574863
294,Xena May,59.15982045668667,80.52106785436553,19.302116184787142
295,Yara May,58.92938613884268,37.78702375062217,82.50003901686537
296,Zara May,60.51619551283071,40.07043953829123,14.432529818277473
297,Angel,63.756404999037734,26.861869731061184,7.771587973016459
298,Bubbles,59.70873182915908,27.77043513358757,65.14729604646709
299,Coco Belle,61.57103134336767,29.980677290605072,0.0
300,Daisy Belle,59.33409076495995,41.13852040221309,100.0
301,Ember Belle,60.52132100794194,68.14218751175075,25.147697336230507
302,Flower,60.68660572476536,53.62786684238524,38.10144918003114
303,Grace,60.12532945898214,47.5990745499044,56.20330623245677
304,Hope,59.65713750662405,85.87242309374878,38.6102430672202
305,Ivy Belle,58.799436820161404,54.468446827038825,84.29091128174394
306,Juno Belle,64.70880487291686,81.88353122245438,100.0
307,Kalea,76.28365851786147,43.0056441577556,21.822855938501707
308,Lily May,68.1332253479315,91.11292509378306,100.0
309,Misty,60.040331302767896,46.71534904511753,25.037989182272845
310,Nova Belle,62.90078942652824,96.38849677505743,73.69677834658361
311,Orchid,59.71864069940691,55.08288026266953,24.16235889112957
312,Pebbles,60.94035228068872,64.43781893371651,66.4355955105053
313,Queen,56.29703007702573,85.07165438260314,50.20795771193847
314,Rose,57.96455998368045,82.87432643965009,40.47138124964739
315,Sky,59.4407745889377,82.6391043765205,26.390064946713814
316,Trixie,59.819924102508885,84.44920273313348,61.59851206549226
317,Utopia,60.162481472553026,37.16175395224903,62.73102323906643
318,Violet Belle,60.20728518275558,95.0632599411061,17.390075351307573
319,Winnie May,59.430969677372694,98.51032079892148,56.841696987854235
320,Xena Belle,59.13245587555476,68.22259447498654,68.33565059190789
321,Yara Belle,48.93587979257858,57.22330014658236,59.61092524687037
322,Zara Belle,61.03124089893755,36.40347429740218,6.598876689954899
323,Apple,60.179311830834,78.41382606529177,18.92668971664962
324,Buttercup Belle,60.03193769965674,32.674596744165825,49.300251287929015
325,Cinnamon Belle,58.48028374808531,72.89773723565666,42.662839940714186
326,Daisy Belle,60.91626750330605,78.68994351420656,71.16582932709801
327,Ember Belle,58.768536583290164,69.34678431489533,71.9302137439784
328,Faith,59.581275051738224,36.09426806829367,66.22478681736968
329,Gloria,58.22383504145173,57.4916963092933,80.04798167201045
330,Heaven,58.767190205001995,39.461786162690714,65.36485530721502
331,Ivy Belle,60.06499560277452,64.7699317810965,87.07919241392312
332,Joy,61.433125788227294,45.970193988715614,11.614157629266245
333,Karma Belle,59.293077738273325,41.10474934766257,54.434099157928024
334,Lily Belle,61.416105358280205,14.088991107337137,22.843629417852917
335,Meadow Belle,61.3120093152336,62.42246994147782,19.47523582724499
336,Nala Belle,60.83783401762925,60.4292927851062,49.966403303121105
337,Ocean,60.150305912874416,13.557042417459405,32.075803377257884
338,Peaches Belle,59.888000882778854,25.183058340163306,45.95590135962522
339,Quinn Belle,58.6451263177505,92.78183353180296,58.3443966010704
340,Ruby Belle,59.450675092151684,29.24539287328311,54.72755380525175
341,Sapphire,59.73639635424146,16.376087329768026,100.0
342,Tigerlily,61.06075929507429,26.990151244111615,18.878101698181
343,Unity Belle,61.327103041567604,25.52019744139988,15.36187343500719
344,Violet Belle,59.89713018330885,9.348878288467478,24.486632464815237
345,Willow May,58.83240857708581,52.6825564316055,34.83927764157668
346,Xena Belle,58.79787301028375,63.34627351670301,91.85173592469657
347,Yara May,59.45498988563419,96.9975925467176,32.07053580691137
348,Zara May,60.94958758567123,92.64688202379803,55.771206651915946
349,April,60.29546794589165,37.44851874918536,32.71759918431782
350,Bella Belle,64.11137089521546,78.75952625800531,76.7772766172232
351,Candy,60.88613490754759,57.581697663811724,74.42555645829133
352,Daisy Mae,59.57702044446053,96.35436886315766,52.75976059746103
353,Ember Mae,59.41639941357233,34.97191569186273,100.0
354,Felicity Belle,45.82138047506495,70.21935175451948,55.41818738776739
355,Giselle,65.97544294391828,43.96829089663053,0.0
356,Heidi,61.47460701068868,39.54279723038032,0.6766694672996536
357,Isabelle,62.60549084242854,93.26183696583578,67.62296658551571
358,Jasmine May,61.06605572183443,74.87193838341432,4.255439917767674
359,Kara,59.9856264034249,39.14608806416245,100.0
360,Lavender Belle,81.93642913299954,97.49566148330975,100.0
361,Mia,60.06412038470303,52.33999023815605,36.48849661155864
362,Nora Belle,61.0147685209334,83.62461450058467,40.498148130339096
363,Olivia,58.67270837730001,48.14070497520213,87.82839956076917
364,Paisley,57.63621415155953,93.20781284828982,33.806393195396375
365,Quinn Belle,57.691882862074216,94.06205833426564,3.791541369162779
366,Rosalie Belle,60.82397483959198,17.562631904996824,93.41409512175214
367,Samantha,59.08322703367692,80.9108585796191,25.95943300139085
368,Tilly Belle,59.83232291007809,72.94500471351743,40.158636494605034
369,Uma Belle,61.341833787454945,87.59185568609463,72.5910935693526
370,Violet Belle,60.612643701308365,48.16514304521558,25.342202352669247
371,Willa Belle,58.877015638362884,67.76363902228081,41.55773205838507
372,Xena May,50.539420515515836,49.421092489408636,73.37820915990186
373,Yara Belle,60.44506851699793,65.39534311858725,0.0
374,Zara Belle,60.04728157710941,65.66725760740901,78.53555805338056
375,Acorn,61.285239951810944,43.66361511417004,36.53211232538775
376,Bella May,46.759364392130045,73.05062689296788,47.799958689618705
377,Caramel,74.55635878692412,82.90079068948977,25.05239339858086
378,Daisy Belle,63.83312383550027,55.78440450155551,80.42382997193312
379,Ember Belle,52.52905504274093,50.45356122055087,24.639262701125016
380,Fern May,59.23506331365268,36.759441086707625,59.45129867788923
381,Grace Belle,59.55676715059193,52.23260414911726,46.46916687817712
382,Heather,58.73671268900107,80.81960198156338,62.12512525672577
383,Ivy May,59.760111961348684,81.02173985634566,74.00557285283818
384,Jasmine Belle,60.90544911123148,47.539755188218365,50.625622569234515
385,Katie,60.26713031086796,35.88604361122604,44.741786867929505
386,Lavender May,57.583814711904616,41.74498193218508,100.0
387,Mila,58.44619040383229,93.17938005595366,25.74279224472561
388,Nutmeg Belle,59.17825992118876,86.2173920419223,22.95690277417993
389,Olive May,55.28557544293986,55.78119969488249,29.567240893017406
390,Peaches May,59.03871372050426,72.38148554751854,29.520965294895742
391,Quinn Belle,60.14437328813857,8.723834094417938,59.549453918712565
392,Rosalie May,60.98515056872686,49.8683282929565,100.0
393,Scarlett,68.7605506743114,55.6857472239026,8.844825410406465
394,Tulip Belle,60.9787968947811,15.767053550360567,46.99644908153687
395,Ursula Belle,60.03677322493281,65.34533822269977,71.41447896866025
396,Violet Belle,60.507419697363,20.842748272263982,35.171432034743646
397,Willow Belle,60.20108142266861,63.60425521948694,11.607689919523786
398,Xena Belle,60.15189572272632,61.62310541081467,51.80758664108431
399,Yara May,59.35005583571726,68.52895188888053,13.82461071959603
400,Zara Belle,58.530608525949425,34.081272963704485,53.10304243145749
401,Aria,59.13070828316585,65.18820660343123,29.97545317023558
402,Bella Belle,73.34128110640967,48.51662061429968,19.48989101302382
403,Cassie,60.740992387424505,22.590480468039587,48.735372461738535
404,Daisy Mae,64.51957968706523,93.94678887872678,80.82726400095856
405,Ember Mae,59.73000509797153,11.860467908192474,19.147446298770948
406,Fiona Belle,59.45453290659397,73.1317452649074,43.529214416016046
407,Gloria Belle,63.107727558847955,45.54867030785282,4.960921172618185
408,Heaven Belle,59.994499465334826,21.15937033792834,27.277996043903663
409,Isabella,59.4251570328287,81.01955555528536,61.68529227270035
410,Jasmine May,59.86574312643454,41.201641904952666,77.78206115219615
411,Kitty Belle,60.12269188754703,7.608586106330016,86.31479617908425
412,Lavender Belle,60.83089681735355,50.413594500755764,69.6838186607624
413,Misty Belle,56.88628664329365,75.14491613095268,43.444412548880564
414,Nala Belle,59.79563832945624,11.225427774722215,56.127973476320406
415,Olive Belle,59.72084171751677,32.602074459023164,0.0
416,Pansy,59.22776574999355,89.49410754211237,48.14920359261788
417,Quinn Belle,59.76920607409748,40.32393789607941,40.83631528008176
418,Rosalie Belle,58.87264978178156,78.8772327205034,59.39709289252882
419,Sienna,62.21508715621693,18.406248532305817,0.0
420,Tulip May,58.904878919077966,45.39797888474741,43.43426081930175
