251,Fawn,59.52873384664595,56.20820267486342,58.58965464723371
284,Maple,63.29555088172331,87.02410802834939,93.49596965419619
23,Poppy,61.33873775117769,65.97598435159608,100.0
353,Ember Mae,55.89236694470451,62.88658501875752,100.0
241,Violet Mae,51.6588752491504,69.41588414368675,83.19078492969925
12,Matilda,57.802360150079394,70.82415966865365,82.42398093268879
306,Juno Belle,59.44310729879224,57.28186980494616,100.0
403,Cassie,57.87534526813901,46.63144736126999,48.735372461738535
132,Quinn,59.85883503715869,76.09030805347066,84.23940177250341
409,Isabella,59.08691248530373,77.94071197672027,61.68529227270035
197,Daphne Mae,64.18077020464682,58.79913503413857,94.54234477676545
19,Pumpkin,61.15802432242926,62.55556537239739,71.28135316156802
360,Lavender Belle,76.37191843122288,69.27242805328162,100.0
328,Faith,64.34401417590217,33.335061904596536,66.22478681736968
202,Ivy,56.394657935428896,56.51615390709188,72.30880662309471
416,Pansy,56.07799396351835,74.134824846825,48.14920359261788
105,Patsy,48.07684584823816,82.10969797525593,62.523800388958875
339,Quinn Belle,55.84967485857713,65.08123240788152,58.3443966010704
59,Eleanor,62.21490534591099,55.721885656520044,83.88839997417709
259,Nala,40.503436925749575,67.34946577077312,46.34167829929327
382,Heather,50.59506770165267,75.32038546353834,62.12512525672577
113,Xanthe,69.35664057822578,77.13465142145716,31.53581355452371
341,Sapphire,65.77227524690984,48.129961717610556,100.0
385,Katie,51.972818604956196,55.78646088039207,44.741786867929505
366,Rosalie Belle,75.78627883676413,40.92334006283435,93.41409512175214
379,Ember Belle,47.91913122970975,69.7977814936825,24.639262701125016
14,Fiona,53.85216724363394,81.57184581934237,62.433280941281716
371,Willa Belle,68.64007119100363,48.824718575107795,41.55773205838507
118,Camilla,68.52948520099984,65.58271749151572,71.23725420933042
134,Seraphina,52.18004726434867,48.00906968809501,37.460697623584096
101,Lacey,55.23043916148923,59.73350910959386,85.37359925655221
207,Nyx,71.35314013509678,60.46971659899623,19.03778479137982
154,Miranda,42.0572389509394,68.10915613444874,68.74326646130689
65,Gemma,66.26147733814985,34.043386943505155,41.358168167645324
233,Nova Mae,70.48296951695518,66.09184190964373,0.0
147,Faye,71.36791440865952,60.37614022434623,0.0
36,Rosabelle,61.80776512514808,44.545742196250444,4.744572594701708
37,Winnie,40.549361591645834,49.92753911210482,1.3813068620934246
299,Coco Belle,68.92920098835225,54.6623185131733,0.0
393,Scarlett,73.50092853621094,51.2086820468978,8.844825410406465
407,Gloria Belle,68.71632883951537,47.72378787902335,4.960921172618185
355,Giselle,65.5946568164878,60.24997421580382,0.0
342,Tigerlily,54.61914148388989,49.452853796204366,18.878101698181
245,Zara Mae,59.55872062960706,68.5907747787098,0.0
419,Sienna,61.46846390479515,75.11416666098921,0.0
24,Jasmine,58.76852013820831,38.791271653154055,29.691852285351487
373,Yara Belle,65.13144192454796,56.06722486334323,0.0
66,Ada,60.28986450931909,46.082984984163964,26.47595633654711
255,Juniper Mae,67.26519311660275,49.116045499677924,0.0
54,Fern,56.95499826851282,60.19869368627026,24.9690887382335
283,Lily Belle,85.2534325869261,41.20613362173062,33.59568354204245
401,Aria,61.82305054614913,51.65401492343939,29.97545317023558
27,Lucy,45.889520457385046,64.24538434691013,22.37862459932193
252,Ginger Mae,66.57679236708357,59.881750861470955,20.00415306278976
30,Sadie,64.33989646079586,60.80272844501054,14.678608600970101
260,Olive Belle,62.00610499206997,51.32345531724234,15.485333211369912
130,Odette,76.87291884693789,59.07260006646028,0.0
42,Minnie,68.32129564296238,53.0092784040433,0.0
92,Prudence,58.79856841675406,69.9725464330938,16.964836003282628
9,Luna,61.00082017174258,75.23854137279076,0.0
52,Tulip,65.77398839044433,66.2023552958453,2.009997239864056
287,Pepper,59.7636790337746,57.63478592574648,28.306458343693116
89,Henrietta,53.381002041200176,73.96392680595132,5.369201067481448
389,Olive May,43.98004299691469,56.304361089491046,29.567240893017406
282,Karma,66.15761995281929,46.24676099527184,32.60952815841711
335,Meadow Belle,59.541244320239294,74.63281000719887,19.47523582724499
7,Holly,48.39395212046087,54.63404760260019,25.805711651208018
322,Zara Belle,63.66608804203079,60.69116510080197,6.598876689954899
26,Bella,61.45139402356067,64.34201949392546,31.330844031317223
277,Fern Belle,57.99455733749398,70.65042899744917,21.493692509974903
415,Olive Belle,67.02814461684014,67.64268296118243,0.0
188,Ursula Mae,60.76535591032325,41.109691609764624,1.4169724317606054
367,Samantha,55.712338610709025,72.0997313832996,25.95943300139085
97,Harmony,57.32724175071911,55.43823595134845,25.832220196136294
397,Willow Belle,47.6113477409793,50.56937432032283,11.607689919523786
246,Amelia,62.43590471546589,41.523904371579995,51.064332055366144
337,Ocean,60.70786773842273,54.973298144815296,32.075803377257884
262,Quinn Mae,78.23650188909424,60.67721470412409,19.78591231230141
223,Dahlia Mae,80.192592769151,61.74226865966327,11.52322953465346
181,Nia,61.20057683267684,76.5401901512994,32.014312373863035
375,Acorn,59.64315497412878,61.27394018945647,36.53211232538775
71,Esther,62.10904794858122,71.77715100980213,9.616408691364825
231,Luna Belle,71.83131368905136,71.68891210871377,3.8812457744695905
356,Heidi,60.23103082659912,57.96194626072022,0.6766694672996536
235,Petal Mae,49.325778675974405,57.99243735501774,50.59313505325972
128,Miriam,60.138284742734804,62.6476846511431,39.740317769883426
349,April,59.378951556092645,59.261148052586506,32.71759918431782
68,Mabel,38.41329497777387,76.94552549698176,28.639046178983996
138,Waverly,58.162771864605915,67.17810899269439,34.56253840356732
340,Ruby Belle,56.93283569546488,38.94527712709069,54.72755380525175
309,Misty,58.39784006158043,72.12331700372246,25.037989182272845
144,Calista,60.51953717180041,61.410204214294794,21.93261941696714
332,Joy,60.81289942396725,54.38319875102563,11.614157629266245
191,Xanthe Mae,61.6411538293927,87.89104375954797,18.430176481509886
323,Apple,52.675707207556734,78.28073007660599,18.92668971664962
243,Xanthe Belle,49.450531831981,45.31870440135337,40.75104133755657
396,Violet Belle,61.05135902984811,44.7742506761959,35.171432034743646
102,Magnolia,59.762779176983926,58.13186892582859,7.921143474914004
406,Fiona Belle,70.76940161357436,58.364876091114866,43.529214416016046
119,Dinah,45.31664767490661,50.80414953958549,57.0831509441794
137,Vivienne,60.80271781438105,52.86391016560415,40.71937867572966
143,Bianca,47.23076976412197,56.598470304936846,35.8259926911321
334,Lily Belle,46.24016428479872,63.773935088136,22.843629417852917
244,Yara Belle,62.55655013377689,55.89728450382897,21.309581602815385
236,Quartz,61.47316487068034,74.38566031981715,0.0
125,Josephina,48.638772358787996,58.68558241456328,54.031203654485644
79,Bonnie,40.95175095129347,42.97522552829493,62.969411620993355
302,Flower,57.47741173752406,59.66191319033595,38.10144918003114
163,Valentina,81.43233992784712,63.203269756563984,29.40240527106997
214,Ursa,53.19483302542492,63.255157338341725,9.93529163521034
324,Buttercup Belle,60.04140749644808,58.11187098564635,49.300251287929015
384,Jasmine Belle,51.49428083730914,54.51639085064376,50.625622569234515
16,Freckles,79.47206495824857,76.39785386800118,35.369430223693115
420,Tulip May,54.470813670517316,61.882035398887574,43.43426081930175
73,Hattie,45.703704882781985,71.9250548193071,23.95723373524257
157,Primrose,64.96725953778365,58.02704100469987,45.059270258595305
77,Louise,60.05976836056199,68.74325892330177,17.305774433071598
84,Martha May,58.77527573426725,53.21965154127186,62.1395140440342
104,Ophelia,63.559023209076194,59.51003964596299,48.99375351443238
343,Unity Belle,60.326775074094485,84.34810714355662,15.36187343500719
60,Nellie,60.519347599575994,70.7069368317112,24.917832326585515
93,Sally Mae,56.53023183138047,63.441941946530335,59.02006784161211
1,Mooey,59.79831087841767,55.98909302698429,62.90021199141762
80,Edith,47.38007059902473,62.67650751312832,27.950803222197695
402,Bella Belle,79.10390665902503,66.09068172575425,19.48989101302382
108,Sable,55.05978418344929,56.30964343418578,24.028749779808063
173,Felicity,57.72062559987249,72.87439290043095,40.98332148826616
347,Yara May,72.40194863811989,84.6818446123001,32.07053580691137
135,Theodora,51.97945161256743,35.56189274087774,76.45981606398061
362,Nora Belle,56.6422713453454,64.53730529515035,40.498148130339096
276,Echo,44.9908747358524,82.38089847746632,20.743299494994925
388,Nutmeg Belle,65.9183090351907,75.24726850602676,22.95690277417993
194,Amara,49.48349244667481,50.19067080864752,73.80678807548284
400,Zara Belle,42.4954626444159,64.41481666384549,53.10304243145749
86,Sylvia,59.70307544025153,63.2673575299993,43.49961150814799
228,Iris Mae,59.13185096051068,37.28381735395796,64.18035659020902
123,Hannah,59.515452635448696,66.1110629667617,31.42036942324798
316,Trixie,53.68245734548681,56.88251581488812,61.59851206549226
410,Jasmine May,59.09532493317398,57.95236803459846,77.78206115219615
264,Starlight,41.60239940521642,69.75684075304116,60.33637488396256
70,Ida,60.747453979906076,56.91056445050955,66.91992448956634
304,Hope,64.27503958859587,80.54446402541876,38.6102430672202
394,Tulip Belle,59.442251025707584,52.154577140459594,46.99644908153687
270,Yara Belle,65.75189616214941,49.51306137580898,46.96844052241869
3,Buttercup,68.80642476619178,54.081942584684185,84.99274923222447
20,Ruby,52.6791911622106,59.87619331994614,69.68823671458182
395,Ursula Belle,55.32440614428705,51.70086119567402,71.41447896866025
348,Zara May,63.9657218909517,59.76458646505457,55.771206651915946
272,Amber,61.76756383387214,50.397018361405806,61.25863738923675
290,Sunflower,64.89142920368428,76.59975680886858,25.575503882813127
361,Mia,55.54180877069583,54.25269407226732,36.48849661155864
166,Yara,77.09182523125853,54.231434167324544,81.61806503634088
312,Pebbles,62.092605803505364,60.75111464163108,66.4355955105053
141,Zelda Mae,78.73123935029454,52.917483992887774,87.25394864866774
204,Kira,71.29527839797449,76.4704558149069,47.03755901577599
201,Hera,46.99651398939501,67.20708648181471,50.31917041608622
87,Tilly,59.94907545491948,43.84134515103657,64.75540038248161
198,Eowyn,67.58360802788813,68.0982788562599,33.753344564485104
300,Daisy Belle,58.84694119706817,54.18741180382847,100.0
172,Elara,53.1758384151045,46.26206326030248,100.0
57,Daisy Mae,55.00500841199693,75.55941846736107,58.528285781907265
148,Gwendolyn,50.64979425463663,62.011426214926566,62.763865043904985
72,Nora,58.14869885193453,65.43884637872269,42.14626063965063
183,Persephone,64.4791117356417,79.09890739184523,22.215255503030715
184,Quenby,57.47058290410904,48.76602066318047,46.82625898569183
229,Jasmine Mae,64.55737942284372,65.82856054031032,68.15093426404738
160,Serena,35.1458323601672,59.696775841845785,93.73423125138618
331,Ivy Belle,59.27871432728419,58.57600335945925,87.07919241392312
418,Rosalie Belle,61.86970611298263,78.73922209437754,59.39709289252882
221,Belle,67.44903703808515,53.5244895768815,66.95338159083224
398,Xena Belle,62.911067627226245,66.57170039702832,51.80758664108431
120,Eloise,44.90942729925491,52.625595759156504,57.777984981208206
18,Dottie,59.77958307588365,43.7385926784432,62.74886744314247
51,Greta,61.1006706892107,54.62886191221843,100.0
189,Vera,72.3932047476814,52.421376639966795,51.05602499834644
175,Hermione,70.96129072183467,76.86303212002433,78.76899887271583
417,Quinn Belle,61.05460415887958,60.02603531216608,40.83631528008176
112,Wendy,62.61848003769149,63.95647429159546,73.77893511511023
278,Ginger Belle,72.31101734993224,75.66595976383262,76.94190767875007
386,Lavender May,59.11241881990173,44.89727882556269,100.0
151,Juliana,63.2019647462883,73.79718242514582,45.21506791974581
374,Zara Belle,60.166636323691506,72.35805520107152,78.53555805338056
44,Georgia,57.205758370447,47.34944908594334,100.0
289,Rainbow,59.398797609766085,71.89089723001136,63.07053977352753
354,Felicity Belle,43.160784946955786,68.25903280052079,55.41818738776739
368,Tilly Belle,53.30863862477502,73.87233444221349,40.158636494605034
250,Ember,49.657230170523555,63.792468039466144,73.96190964377153
88,Tabitha,63.92798934763005,53.6996982679019,100.0
55,Opal,59.57350702364615,70.9657834390677,68.90968519657295
321,Yara Belle,45.95131304970023,62.762920226237576,59.61092524687037
230,Kismet,60.654899635448416,61.88404360678712,99.06315715984539
226,Gypsy,61.978129104349904,68.31058325759336,86.24318177382722
95,Gladys,58.39866374571228,71.5344929295052,51.15944957964427
34,Millie,47.90514878960265,67.67989222493068,46.2008766368871
107,Ramona,56.49281869030516,71.6477954120025,82.56157666971049
213,Tara,59.495664300966205,71.31407808944807,78.19061911754267
232,Meadow,62.29624390693244,67.90029028504206,80.33564097704574
29,Stella,61.14118717263838,63.29965410801964,77.16827856008821
369,Uma Belle,64.56409079867213,52.497856469957284,72.5910935693526
330,Heaven,61.953807111851475,58.20358905480431,65.36485530721502
110,Una,47.02723748516799,63.260084197195575,91.95578198280276
15,Hazel,61.95498399235944,57.496617336147686,83.0274258777744
155,Nova,57.28015790881778,60.38984028038388,74.75974166519512
210,Quintessa,61.269341354688265,54.02447343288868,70.05771480782352
106,Queenie,55.206267826332954,69.32809061922447,85.81188736729314
267,Violet Belle,53.3483678120956,61.83857907648293,83.52461069033635
76,Winifred,59.85249011054989,77.47963843700552,80.93631667739581
64,Flora,59.412238199913666,62.310880470838,100.0
269,Xena Belle,60.44830956472015,64.63693208291953,100.0
39,Phoebe,65.09592431154823,57.615118072876804,93.48674699317641
279,Hazel Mae,60.38294122712854,70.862228422093,69.46244013225625
359,Kara,59.29067879629826,70.95297034170305,100.0
327,Ember Belle,56.11017358273188,68.44671526148421,71.9302137439784
58,Coco,63.419465965938365,71.86732211041391,61.67644245765291
33,Elsie,61.53464620971437,71.5731041613145,88.36175572652343
346,Xena Belle,70.58941542620543,46.77978976945622,91.85173592469657
140,Yolanda,62.5825721317208,78.09332770875031,44.09717925472032
208,Ondine,75.11125480078778,66.01447606124741,100.0
383,Ivy May,63.91463623037343,58.82880711659678,74.00557285283818
179,Lavender Mae,73.13764598003816,62.44778715990437,88.81613331216437
167,Zinnia,58.81593003720348,44.23429407476648,81.32026840070057
124,Ingrid,60.55817610710207,54.94928083099863,100.0
149,Helena,57.30165711496575,44.78021477701561,76.33973358237382
411,Kitty Belle,63.64612233077278,53.14007477137491,86.31479617908425
263,Raindrop,68.60100945512674,62.501212653685336,52.83656055695951
239,Tulip Mae,56.73207729376452,79.17169944613009,88.50945447616668
199,Fiona Mae,49.64652807611242,55.32754691148393,55.02620663829805
205,Luna Mae,76.13561241586763,60.586831724705796,78.40569668770323
53,Daphne,54.84621212792986,47.4595221136623,58.52341324317557
413,Misty Belle,59.52042278473964,56.72832563608872,43.444412548880564
345,Willow May,46.49891798156719,58.7052021214163,34.83927764157668
227,Holly Mae,80.54438142339032,47.47544274025011,38.376739168508
98,Iris,44.1106267933519,66.12934420784791,18.20419794023262
358,Jasmine May,62.88826761576045,71.2031879766905,4.255439917767674
126,Katherine,66.64378966535838,56.1628791106989,21.868079816249026
405,Ember Mae,57.114952412201696,44.39977590639045,19.147446298770948
216,Willow Mae,50.13036946334784,55.25754459172644,0.0
215,Vesper,66.01022341102743,46.649119318024454,0.0
297,Angel,71.5954484164536,39.352423226817535,7.771587973016459
281,Jasmine Belle,59.17355243132751,51.168206837162465,99.43826208035486
63,Gertie,70.73063236122755,43.483529752337404,0.0
180,Margo,48.114022228278316,52.101445701130416,24.31661590355249
211,Raven,62.25519425517148,54.49454652643665,0.0
240,Una Mae,65.00858546677536,55.08064270772949,0.0
370,Violet Belle,63.0465861152785,56.90220471392345,25.342202352669247
81,Imogene,50.48575799982383,54.172922022724734,16.87390728369757
217,Xena Mae,65.85406938898419,63.26217027635856,19.70146529511383
2,Daisy,58.68694353733946,63.35139977421548,13.52894977654524
344,Violet Belle,58.16075742990772,43.418683541178574,24.486632464815237
56,Betty,75.30186299305481,68.42361593316494,18.78572691868777
307,Kalea,82.02235089308388,61.167062604649686,21.822855938501707
212,Stella Mae,55.836078026164515,71.9518763605142,0.0
261,Peaches,58.54146128489783,55.802760268578055,6.556204035016549
408,Heaven Belle,61.5034848569847,55.434659976171275,27.277996043903663
318,Violet Belle,58.708442588640764,51.762036915225444,17.390075351307573
69,Cora,65.67904492871412,77.74822927954115,5.721675567880197
280,Iris Belle,58.60316385868054,35.23915059271092,42.32588377270336
248,Cinnamon,64.86775571359836,44.98998799180003,0.0
82,Josephine,59.02357319652015,51.847572710712114,42.954418352005376
294,Xena May,62.57579295377716,69.74476144434787,19.302116184787142
164,Winona,44.614575420155234,40.945313408363944,39.50909855234608
10,Molly,54.20460026020417,46.29527625988912,8.581105505706333
50,Martha,69.66657340007168,65.98222515407868,28.50151088703295
35,Pearl,54.167002017537946,55.010436738100495,34.254133574949975
85,Ruth,62.85419567296662,42.3346164825437,41.67141222258546
159,Rosalie,53.11775693083105,79.79302259175056,20.898935320976243
177,Jocelyn,60.047392158103904,53.15286390511951,23.408351652743086
49,Juniper,45.39844216101774,64.75126649853807,39.341617018442115
265,Twilight,54.44919211529598,55.08550855804168,44.50802778887333
242,Willow Belle,64.73520859736483,76.11481526389593,18.83247961057288
31,Lola,53.3609380446691,54.787438454233694,33.427134761395976
169,Brielle,86.74266252101447,62.018517190317354,3.385035494074316
11,Ginger,65.91084066972736,45.13397777256212,10.766411349424544
314,Rose,67.85410063579415,52.60576702102879,40.47138124964739
377,Caramel,92.14533174090592,63.63509674054191,25.05239339858086
253,Harmony Mae,59.89630409350552,56.74871840067903,48.715729223308855
43,Olive,55.48164304866446,59.81161024884399,34.546375336127326
301,Ember Belle,62.87099993668562,52.34173537497503,25.147697336230507
168,Athena,67.44849048611776,46.06499133671079,16.48477173283078
303,Grace,61.14447225633377,48.266997749408894,56.20330623245677
192,Yara Mae,57.51604006335505,53.70275978442477,41.17768050664687
273,Bluebell,60.47742398124733,40.40655025686644,42.899831224959705
67,Harriet,54.8525381897545,52.18722314033085,23.86478980938031
190,Winter,65.35286631620514,50.23753805145949,14.924230035103953
266,Unity,63.17329164001704,56.91434609696636,0.0
288,Quinn Belle,56.31441086568218,44.20436105770407,3.147774877120497
219,Zephyr,81.07067991617541,61.94779093926613,33.41197235602148
387,Mila,63.70180364542045,83.48880255825674,25.74279224472561
90,Lorraine,60.45180064996306,59.671660730541525,33.94115951652263
206,Maeve Mae,59.72085181169583,52.848827409278506,34.61049046781984
46,Honey,61.21323781696874,72.9600378560306,5.477288364812608
296,Zara May,60.24013999819836,56.35758476494823,14.432529818277473
238,Star,42.85296412798207,57.01648203801293,43.74397359810099
390,Peaches May,59.80755772244606,65.0411868927206,29.520965294895742
176,Isolde,63.92744418587943,62.240713352080135,14.754022763006404
365,Quinn Belle,61.37589507978747,56.46091050919925,3.791541369162779
78,Agnes,60.58399875526362,50.03122919484499,55.47399935075492
91,Maeve,45.723697722934794,68.7466218737319,31.03826692613989
152,Kiera,60.49419213452926,59.38472719451765,35.937992469871375
257,Lavender Belle,60.073831219997324,62.65827492316404,15.618533889861986
305,Ivy Belle,61.43301013456244,36.08701214737061,84.29091128174394
258,Meadow Mae,64.04116470740482,52.42072384465697,46.29540999299665
127,Loretta,56.988495793948815,73.57069497091099,19.880901206900113
131,Penelope Mae,72.82661693203364,55.28680507193037,28.933718004613617
234,Olive Mae,59.37694843073645,53.41340725231712,17.05893551177852
96,Harper,60.94145335066902,56.162085741389106,59.00737407126234
275,Daisy May,69.78439440747044,68.9152720503682,36.64221923821166
414,Nala Belle,57.79732081063124,42.39994583910035,56.127973476320406
25,Lily,52.62067717169613,49.05569695921878,67.39631608750503
364,Paisley,60.03276534865847,60.85152949318778,33.806393195396375
315,Sky,81.05513158569602,58.940706714956114,26.390064946713814
292,Violet May,70.9812766258654,54.14438618618509,23.548194121686763
222,Celestia,32.18371835964207,47.51102533701474,67.47862863190866
193,Zora,64.16435790223008,78.71766075515633,17.72984118298581
117,Brigitte,53.26278391407222,50.13287552235735,43.94085861133597
145,Diana,67.94261343577173,49.289688166931775,33.34190354647399
165,Xena,47.05213649282292,68.63987729852278,7.41370768225957
187,Thalia,54.26666927258637,62.67483451709277,46.209972283928956
156,Octavia,63.96883701668259,45.99143591389014,59.49820912662032
185,Rhiannon,55.23445869590484,54.90553555817021,67.23599450376925
313,Queen,43.43230763194672,70.1582098895305,50.20795771193847
74,Willa,58.72203294154942,63.3861427938903,52.45731274570316
391,Quinn Belle,63.5678648833028,49.41362417542139,59.549453918712565
376,Bella May,41.205014826941955,47.74349991060919,47.799958689618705
412,Lavender Belle,56.70677707517486,51.50523912215394,69.6838186607624
8,Rosie,70.21821237992381,54.99277699483496,60.83725175609225
195,Bellatrix,54.072992511659905,76.84084647161595,27.086028146669253
237,Raina,64.47219503289082,63.935627290980364,31.03886781510989
48,Delia,70.99776089792452,75.99166281064456,13.824862151210986
111,Veronica,63.514946876400636,66.4432816615036,49.66613801050426
336,Nala Belle,53.71007418501813,64.21045297037637,49.966403303121105
40,Violet,59.663468662680636,65.53477453656514,43.20772383101649
311,Orchid,56.06906595285274,78.10030693129723,24.16235889112957
133,Ramona Mae,66.29984783143803,53.58390254727201,47.22545831209767
94,Dolly,55.392425485177675,66.43458559255215,27.76148907866112
83,Lavender,62.514095120761176,54.60843543781765,70.3181508235252
351,Candy,73.98242653544321,47.19076995422467,74.42555645829133
380,Fern May,70.39970455722572,55.81217182614101,59.45129867788923
203,Jade,73.61797271193295,57.6936561589759,51.06688287935686
21,Willow,46.29008854792531,48.26823194620287,55.77480390178067
285,Nutmeg,63.726146790264934,59.18996718523148,38.82989067697795
171,Dahlia,78.38973004795253,78.13606542154449,17.153754461222654
75,Adelaide,77.66355873397002,54.31159788200977,34.52114947546283
399,Yara May,67.21155453760295,70.31205050419315,13.82461071959603
372,Xena May,45.54483138179844,47.817158069506725,73.37820915990186
256,Kaleidoscope,45.535786259420064,53.62067259870714,59.20861935349502
136,Ursula,64.62133364345372,62.98361007015602,62.54099039497112
352,Daisy Mae,58.559990785473026,67.51879539332185,52.75976059746103
122,Genevieve,43.416177973189974,55.86305594268603,54.014256856812516
182,Olympia,52.293473067073364,55.788137088030254,45.04129195627968
150,Isadora,66.52162691203121,46.29567212796455,66.69281074927311
271,Zara Belle,55.252919343984786,58.111934942981705,52.48133991718692
325,Cinnamon Belle,65.59665782312797,63.26337434509419,42.662839940714186
338,Peaches Belle,60.50058821642049,53.682299931005474,45.95590135962522
247,Blossom,61.52299533943593,56.82647763937955,81.38329008170857
62,Rosie Mae,59.610126569953366,52.897355065121026,72.02024036451519
174,Guinevere,58.75310072115026,51.545270616397744,69.81785447053346
28,Charlotte,69.29279495627767,65.00756429640283,38.726241568837295
225,Fern Mae,61.934710336712854,58.19844041655573,41.09097666912308
103,Nancy,57.58699269295542,69.4738005088635,65.84583171002089
357,Isabelle,61.989205593564286,63.44995852114566,67.62296658551571
170,Calliope,60.98578060539745,45.423171421958244,78.24874768844333
333,Karma Belle,51.1696865120632,66.78456737254886,54.434099157928024
6,Clover,46.779420169507915,63.48024465164862,51.86477637845585
121,Frances,55.90630494749985,55.248164463761455,44.3811902292643
115,Zara,60.73528429614811,59.476101472074006,34.535249441990814
298,Bubbles,53.24778286683901,61.09203175762271,65.14729604646709
295,Yara May,51.461522493704734,62.60811615884714,82.50003901686537
317,Utopia,60.601847755075745,68.18554964050858,62.73102323906643
178,Kaia,60.574427982455916,75.35921099516246,46.41912251740441
158,Quincy,60.453709909419054,63.742430984238155,46.49556087716784
381,Grace Belle,72.17051455329766,58.71806944642987,46.46916687817712
274,Cocoa,63.276197741985825,64.85487619285827,84.72801685475343
4,Bessie,54.313028517009236,66.9986047454538,65.83556781226909
22,Clementine,74.31047336054858,71.38839232083126,54.39456457684616
153,Lillian,50.043549673755194,49.25008218914635,50.01521986989301
161,Tallulah,62.335909704762315,42.815324984744635,94.24673690282782
99,Juno,59.407893638617516,71.51961479353935,61.29993186726804
286,Oreo,61.897220598593535,62.02267352990567,87.19711100544703
45,Delilah,57.53878463166765,65.3141133927677,59.887233108014826
268,Winnie Belle,57.57019495075352,81.35317302885187,33.88653112230915
5,Clarabelle,42.75918145537947,55.70484293902142,55.48211686657087
129,Natalie,63.79249099557185,72.0223839204233,86.25910683365714
142,Aurora,61.465587747276025,71.74747022182031,67.13559405579488
116,Abigail,46.71727900122618,44.73456140680227,75.59046550149935
32,Annie,59.13774099585376,86.2239477532465,22.738191203080763
186,Sabrina,64.91183363920923,49.062526179939006,56.16262735447586
109,Thea,55.85767206125422,51.7160599888614,86.53163508648117
114,Yvette,73.18672808361231,57.74045973435356,100.0
329,Gloria,61.14345635265354,59.849249924447356,80.04798167201045
146,Evangeline,56.785734605978824,52.94214916995329,71.0477725744291
220,Amethyst,71.32786379610494,47.36908177349045,73.02536624280881
308,Lily May,62.13657710921951,66.67384542752,100.0
139,Xiomara,65.29706930449738,45.1798123608174,100.0
209,Pandora,60.06194037585154,62.220754038076514,59.45635231930545
61,Zelda,48.175703022598256,69.0754709056237,47.11504523133881
218,Yvaine,59.37615043625367,68.33607462766618,84.31000082936953
363,Olivia,64.485418940001,53.945286718526646,87.82839956076917
224,Elara Mae,55.91337541222255,74.06547626029953,69.60176582284927
47,Marigold,75.47301809122564,53.48540625115048,67.40833981388917
392,Rosalie May,67.26288894063421,67.29357447167831,100.0
350,Bella Belle,69.44769327946794,73.60869817896666,76.7772766172232
200,Galadriel,58.517489366991896,68.22612077726299,77.08276367147224
310,Nova Belle,63.62839848851942,58.13432521665978,73.69677834658361
378,Daisy Belle,59.58236119850027,76.82832430616742,80.42382997193312
17,Petal,72.4455607321591,49.919286461977585,100.0
100,Kitty,63.720383340653974,60.13904377164089,97.79374802628925
326,Daisy Belle,56.41762596854843,70.06202400643895,71.16582932709801
254,Ivy Mae,73.03908678087186,68.60869296985558,64.35836122310374
162,Uma,59.86658609129873,65.3108219899809,60.039566322031334
13,Penelope,60.88392287610791,65.5342738358354,100.0
291,Twinkle,74.64516020249651,69.5139843628123,100.0
293,Whisper,59.216208891607515,59.40083795961441,80.85638045574863
41,Maisie,66.08436120686439,71.76770757682465,74.70516656324033
196,Cassiopeia,60.12641070421422,56.96622735692765,75.49006273806116
320,Xena Belle,45.355473482420095,73.33813400461459,68.33565059190789
249,Daisy Belle,61.57567835681397,73.96263337204113,51.477786259373474
319,Winnie May,55.51511414533187,76.25215471043929,56.841696987854235
404,Daisy Mae,62.66895880404725,57.13688925663827,80.82726400095856
38,Beatrice,64.84016945673069,66.74756552643498,65.50010887472308
